3112 4 999922860
4345 4 1892505675
5336 5 2091221410
3146 5 2162105990
1124 4 209455072
5531 5 2494445876
3352 3 2321411857
6152 5 972289196
1561 4 551163252
2362 4 318783351
3535 4 1893869785
1531 4 580864603
3232 3 269054026
4216 4 668533200
5164 6 2267906233
1424 4 967383409
3636 4 2060598829
6431 5 2458551032
3662 5 2326814421
5134 4 2110698029
2155 4 375610567
4322 5 1020550132
4536 3 1907852354
6411 5 2297797242
6231 4 624987618
4561 3 2418929099
1664 5 2272659724
3352 3 2267994610
3651 4 2452088504
3642 5 2302180024
5456 4 1990098701
3146 5 2150475344
4126 5 1027108918
3543 3 1801029632
4361 5 2322585756
5611 5 2312457758
5324 4 2249234159
6446 4 1931555120
1146 4 960822605
6646 5 1968591779
3431 5 2449852583
4316 6 2336130224
2246 4 2217950374
5345 5 1931843879
2661 5 678479574
6434 5 2012769679
6324 5 2272494879
2133 5 389001302
5635 4 1881790713
2123 3 81238067
2331 4 677695115
3215 4 693037164
4535 4 1832758733
3533 4 1958741766
2255 4 2214771949
3265 4 2150522458
6624 6 2398177871
3612 5 308780607
1562 4 963014082
3612 5 310237367
5421 4 290733718
1651 4 583661319
3336 4 2098022627
5126 5 967979064
4324 4 2247233803
6614 4 2288456288
5463 4 1925402515
1514 5 606056796
2351 3 662113766
2236 5 2388686058
6233 5 2459376991
4214 4 709131310
3365 5 1929568761
2453 3 2047043650
5451 5 2472052079
1523 4 1018909732
1451 3 567632692
1514 5 604860924
5664 4 1988059375
5543 4 1848031032
2156 5 403651494
4413 5 2517436985
4136 5 2257062673
5422 5 969032279
2113 3 343626146
1561 4 552402575
2454 4 2271536396
2236 5 2379393291
5352 5 2311947570
1254 4 351705631
1542 4 999409403
5533 4 1982109930
4646 3 1932498146
3563 4 1967700827
4466 4 1909078190
5612 4 276429186
4616 5 2348024116
6556 4 1908974644
2653 5 2217439745
2153 4 361437310
5133 5 2296493205
6622 4 936805524
3114 4 2094546203
4262 4 312772210
1645 5 2315609952
4256 5 2244467736
2456 5 2297164053
6561 6 2372034262
4113 4 2157295005
4364 4 2088308855
2121 4 105292690
1616 4 573047837
6153 5 2411252129
4633 4 1993352651
4214 4 700920303
6255 5 2190071532
3126 5 1037844712
1365 5 2263432756
6223 5 630725134
2631 4 629810767
1565 5 2318786167
1626 5 984260615
2231 4 625591227
6313 5 2200600390
4243 4 2128110195
3325 4 2298099508
2526 4 594642003
3116 6 2332948845
5335 5 2087283082
1561 4 560991894
3231 4 615659758
6651 5 2353443613
5546 5 2112093028
3522 4 955792915
5626 4 2190188292
5553 4 1982810493
1412 4 161743449
4651 4 2415280821
1313 5 604561662
4443 4 1857638465
5554 5 1986836095
6215 4 719104865
6154 5 2252322418
3263 5 2459161344
5562 4 2198024186
6125 4 954130498
2626 4 595337820
1544 5 2279897070
2332 3 270449766
4515 4 2209200135
6122 4 184102226
1542 4 1003000880
4235 3 2037353177
2212 4 104730141
3661 5 2352267373
4361 5 2301125644
6321 4 275869278
1331 4 570485142
5236 4 2222775791
1456 5 2293232671
5624 5 2311246205
4534 5 1928783507
6234 5 2244888145
5366 5 2073626067
6323 5 2324084145
3611 5 2329216301
3252 3 277486367
6616 3 2057532819
6341 4 2213093551
3641 4 2162066553
2153 4 364639755
4653 4 1917393524
6222 4 932744463
5261 4 675944321
5125 4 950916768
3151 5 2342017564
4511 4 2517972932
4412 4 367162784
2426 4 607240848
4334 4 2059598525
6411 5 2302715660
6133 5 2253028344
4211 4 669070766
4255 4 2141816615
3635 5 1882284624
6535 4 1861833006
5126 5 976982649
4415 5 2187100733
4466 4 1902428232
5466 4 1970537382
4254 4 2238271023
3155 5 2330287573
5165 6 2457391744
5442 5 2478196521
2324 4 574886077
3143 4 2158868429
2423 3 526380315
3465 5 1883336141
5333 5 2091269925
1415 4 569856940
1655 4 2293160863
1242 4 162194695
1624 5 982009499
2635 5 2120545863
3245 3 2028311549
3346 4 1882445021
5655 4 1963051587
1326 4 957182374
3614 4 2464234937
3144 4 2106672970
4365 5 1889273454
4324 4 2252261549
5426 5 2437940780
2326 5 613056856
3626 4 2322408937
5355 5 2052990482
2531 4 624872804
4353 4 1964477829
4612 4 277005301
6655 5 2037069107
1151 4 1013917869
1611 4 575649691
6551 5 2353551930
6363 5 2068018836
6566 4 1900406104
1311 5 614914003
3343 5 1916424175
1243 3 307361697
3364 5 1883767911
4554 5 1996101701
1521 4 162324201
5115 5 2447374560
5322 4 964184660
5121 4 960259774
1232 3 137625151
3661 5 2388325973
3255 5 2155254944
2413 3 596602290
4624 5 2317057313
6125 4 952130440
6323 5 2288027951
6634 4 1989516156
3341 4 2352351328
4621 4 278207589
6434 5 2010255234
1256 4 339906932
1421 4 162246699
2165 5 405802534
1451 3 564704927
6352 5 2290060594
1625 4 967378565
4434 5 2093506745
3211 4 697313084
5235 5 2150359356
6153 5 2398251820
5311 5 2334948808
4424 4 2269613905
4456 4 2051341641
2653 5 2216621330
4445 5 2053205295
4516 4 2518105755
6253 4 2226894353
2641 5 690421329
1352 4 967549447
5161 5 2455789249
5356 5 2078747897
2423 3 524841092
4321 3 244765057
3611 5 2313177315
2635 5 2128376266
3226 4 625735434
4254 4 2246565021
2432 4 289041230
6423 5 2305754266
6235 5 2157228702
4653 4 1985057159
2161 5 405335361
6335 5 2141205924
2452 3 305785831
1666 5 2320083760
6431 5 2466092326
2255 4 2206439456
3511 5 2549883673
3236 4 2452520653
1136 5 1031224199
5556 4 1898217790
2214 5 716564586
1366 4 2266017284
4225 4 609538721
3422 4 953849474
2641 5 685632917
3163 5 2328802962
3162 4 1015905640
6415 4 2241028879
2466 4 2303850470
5232 3 277868236
5544 5 2075970853
6156 6 2548281444
1463 4 2172384378
2136 5 391914531
2246 4 2276404534
4245 4 2068825905
6323 5 2293846763
5133 5 2254241819
6223 5 642552599
2642 5 332618326
5452 5 2462513452
2552 4 317876849
1342 3 877289795
3266 4 2526320242
2365 4 2199805683
6536 5 2039449838
4544 4 2059275807
1642 5 1017286554
6542 5 2424107719
6161 5 2426067496
6445 5 2064754976
5536 5 2062052128
6641 5 2275206375
2626 4 592587276
3365 5 1916350641
6454 4 1988534208
3316 3 2177661645
4442 5 2435049097
5235 5 2155362870
2424 5 620569709
5413 5 2254048317
6655 5 1979534141
2526 4 593477401
2136 5 389596665
4515 4 2169523070
4143 4 2144796003
4233 4 2217265432
1641 5 587320773
5124 4 978804226
6434 5 2012364816
3626 4 2380215119
4153 4 2152424095
4212 4 97880834
4646 3 1923078072
2614 5 708566226
1162 5 205423408
3231 4 619935614
5114 5 2234659508
4452 4 2453598423
3653 5 1975814633
3536 4 1988269402
6224 5 609266577
1526 3 947622336
1224 3 81031953
4546 4 2063494282
6343 5 2049219210
3166 5 2298504853
5662 4 2174157539
6231 4 630910913
6143 5 2148847778
2126 4 105374191
6625 5 2185848458
5121 4 965405994
5263 4 2211723320
4521 3 266263890
3536 4 1948192964
2466 4 2280209335
4643 4 1860290978
2411 4 666184869
4166 5 2393810930
4651 4 2457640090
1443 4 2108255280
2121 4 105590680
6165 6 2471242996
5236 4 2198480759
4365 5 1867550286
5444 5 2056143651
6166 5 2416018045
5325 4 2269969637
2242 4 319664538
4546 4 2061494199
3624 5 2118496142
6425 5 2424271564
2534 4 2068947334
4453 4 1907169313
4455 4 1865531271
3623 5 2329940910
4665 5 1874661125
2521 4 104511669
6116 6 2430765542
6166 5 2422083472
4266 5 2470116186
1246 4 336989457
1366 4 2280486853
6555 5 1982871030
2451 3 654516172
1244 4 356377888
2252 4 312178558
1125 4 214658216
5432 5 2266254050
5255 4 2148267909
3615 3 2137482549
4253 3 2044912716
4315 4 2103068858
3222 4 938069865
6116 6 2447950959
4224 4 607366887
4546 4 2077062659
4234 5 2223185660
5421 4 291132275
2262 4 316361582
5441 5 2357561973
3115 5 2314025269
2113 3 344988261
6652 5 2226579872
5142 5 1025479222
2136 5 394054830
1615 4 571953185
3411 4 2431689669
3232 3 269426175
5151 5 2453858067
5234 4 2047284772
6345 4 1877241841
2565 5 2223222812
3141 4 2128936280
5655 4 1929197204
5166 5 2443687568
2656 5 2307788384
5665 4 1942666333
5622 4 942623375
2262 4 311418304
6162 4 949009712
1511 4 567927305
6364 5 2092686647
3642 5 2297558410
3214 4 600350405
2266 4 2189133055
5331 5 2304910281
4446 4 1949486208
5116 5 2477188664
2424 5 614890165
6435 5 1851325092
5353 5 2073981349
2155 4 375255669
3514 4 2251587199
2541 4 666528701
4546 4 2073465415
1535 6 2299756481
1135 4 949847528
4566 4 1963788563
6613 5 2315601599
6125 4 949549943
6214 5 706537676
4453 4 1902272952
4566 4 1962019463
2215 4 690180996
5541 6 2380083704
5262 4 300638362
4213 4 598618904
6355 4 2019382015
4463 4 1981450777
3363 5 2045151695
2641 5 685354738
4526 4 2445915139
4154 4 2287716440
1525 4 961374284
2355 5 2181031513
5536 5 1982841341
5156 5 2451167260
4643 4 1854775865
4531 5 2251120170
1546 5 2313949905
5666 5 1916094809
3344 6 1942491097
2254 5 2235276820
3242 3 270013594
6312 4 275325228
5412 4 290894345
4456 4 1966680669
3512 3 281143984
5263 4 2229817368
2361 5 685327616
3362 4 2275388082
6451 4 2449391394
2165 5 403721827
6161 5 2451946871
6351 4 2300869652
2655 4 2215535358
1164 4 901359060
1131 4 951626483
3436 4 1975581044
1412 4 161576529
6161 5 2420240778
4242 4 308316933
2643 4 2102883345
6646 5 1975425005
1124 4 208911960
5624 5 2305635200
4461 4 2274088650
1536 4 2266265523
5324 4 2246778192
6255 5 2185845577
4113 4 2175277303
6341 4 2194197023
3343 5 1923466557
6335 5 2069212878
2361 5 692121121
4363 5 2080328269
1225 3 88179530
2614 5 720527705
2131 5 391939866
2623 5 624006649
4431 5 2477485402
3214 4 602404600
6152 5 967289354
3344 6 1928391278
4513 5 2243741090
6446 4 1938033479
3632 4 2233971443
5241 4 668681063
4113 4 2133428527
2256 5 2311364906
6232 4 286514697
3245 3 2037532637
4155 4 2362199352
4114 5 2256657777
3215 4 762376321
6645 5 2074451102
1435 4 2148271958
2463 4 2188503254
2124 3 81592704
4555 4 1883872039
2111 5 413767981
6242 4 307798513
1236 5 367705951
1264 5 369573437
4654 5 2016140403
6114 5 2244749652
2221 4 104462901
6632 5 2329554441
6411 5 2299487583
4156 5 2334901103
3424 4 2120605646
5465 5 1918019949
6234 5 2252378154
5655 4 1927223960
6355 4 2016989983
6611 4 2061648712
3613 5 2356375244
6153 5 2337418000
2265 5 2229887715
1515 4 568851281
3124 3 867441902
3124 3 878061668
5614 5 2427063072
4235 3 2019186070
2636 6 2381003632
3612 5 368922510
1651 4 556981549
2515 5 718000927
1326 4 950401023
5433 4 1979241805
1154 4 899657128
4116 5 2387458949
4124 4 902360681
4513 5 2236627971
5633 4 1968146234
4225 4 603919448
3115 5 2309305428
4125 5 1029999629
2524 4 592001477
1415 4 564085057
5614 5 2435860327
1111 4 964471874
2215 4 693513090
4415 5 2172137435
3655 4 2019439331
3663 4 2028303700
5566 4 1889835013
5524 5 2312926155
2441 4 677015523
5441 5 2362793460
6444 4 1948608554
4566 4 1955532095
5654 5 1972959133
5154 5 2259825531
6266 5 2301317034
6241 5 690544384
4553 4 1904832765
4626 4 2382384044
1323 4 964161053
4465 5 1881802578
2561 5 673265796
6515 5 2198259381
5245 4 2053567863
1561 4 548819652
6461 5 2306516286
3126 5 1033661098
1466 4 2287952088
4135 4 2106417096
3452 4 2282292242
5161 5 2472309378
3144 4 2097346687
5662 4 2209164366
2516 5 728612653
1113 4 897379430
5634 4 1906348246
4525 4 2415583578
4362 4 2268437451
6335 5 2061217233
4613 5 2450774922
5466 4 1957588145
5326 5 2267065902
1216 5 120671643
1342 3 867408579
2235 4 2097907618
6444 4 1932205974
3531 5 2472538456
1441 4 581444208
4126 5 1028414530
4113 4 2150988461
3332 4 2246648487
5566 4 1897911671
3235 4 2130463407
6546 5 2053617192
6245 4 2053578710
4524 5 2304285773
3531 5 2468777423
6236 5 2452117547
5364 4 1940786608
4312 3 244390247
1331 4 561626461
5344 4 1847196277
2456 5 2206391513
1441 4 579145651
5463 4 1907620491
3343 5 1928095604
3316 3 2157885818
3464 5 2083755592
4246 4 2168852994
5253 5 2248518976
2523 4 617178182
2651 5 680801390
6522 5 954117558
4643 4 1855335334
3265 4 2149645159
6152 5 970181757
4646 3 1929993638
2343 4 2116736222
5641 5 2367024965
5255 4 2171843440
6224 5 609885725
2436 3 2164918263
3645 6 1929531408
6445 5 2073676035
3455 4 1871017133
1464 4 2267062829
1446 5 2308955006
6365 4 2050394739
6453 5 1921725815
4442 5 2416363113
6235 5 2143824686
5412 4 291228345
1641 5 589530343
4333 4 2126801190
3456 3 1938630807
6426 5 2399600528
4646 3 1912394222
3236 4 2534943387
6341 4 2218114603
6615 5 2197223537
2341 3 600744265
5353 5 2067259333
3545 5 1885623898
1456 5 2263725289
6541 5 2348675819
3344 6 1945341200
6656 5 1896642786
1566 4 2255783454
2641 5 685368106
5245 4 2043398117
2666 5 2210421575
1334 2 2041700352
5366 5 2053913507
6226 5 609812113
5514 4 2425269886
5116 5 2439284303
5652 5 2190938453
3114 4 2085987154
5644 5 2086119673
5133 5 2241704770
5424 5 2325693229
2326 5 614945496
3416 5 2497107433
2441 4 678854948
4523 3 2262639915
3423 4 2282851951
4446 4 1950534142
2646 5 2221642377
1251 3 87684340
5226 4 593418624
4233 4 2293094637
3232 3 268779948
3346 4 1923605917
6444 4 1938591531
6454 4 1971477011
4144 4 2208152973
5232 3 277018809
5356 5 2069202610
1116 5 974795254
1213 3 80433110
4263 4 2235543121
1244 4 360387690
6422 5 962578690
5564 5 1975814335
3133 4 2117999288
2444 5 2220691941
5455 5 1907712844
1624 5 985692939
6431 5 2525711879
4654 5 1979919688
2135 4 363655058
1642 5 1013267148
5524 5 2308160244
1566 4 2269941686
2552 4 314716918
5611 5 2370426430
2232 4 305938716
1614 5 588637090
2536 5 2211753362
3646 6 2061298961
5116 5 2435226954
3635 5 1868944391
4541 5 2365059722
6433 5 1990400081
2225 4 597629446
3142 3 887554059
6151 4 2431278990
1633 5 2323167533
6314 5 2351822021
5422 5 966282007
4531 5 2238444515
3165 5 2303619033
6321 4 275643483
3323 4 2265295030
3354 3 1789775984
2445 5 2138075094
5622 4 948809581
4516 4 2421487873
1164 4 898167494
2532 4 305551641
4342 5 2285569862
2665 5 2219999944
2261 4 670916104
1254 4 351514585
5142 5 1021465663
3125 4 1007450936
5353 5 2063764502
2552 4 313592477
5133 5 2262918850
3422 4 945163941
6345 4 1900964423
4452 4 2391504584
3441 4 2145731576
3663 4 2027731900
2133 5 391301068
4432 5 2296718897
6511 4 2303927399
6651 5 2331479981
5522 5 953308292
1363 4 2142547643
1344 5 2128093920
2344 5 2180776649
3662 5 2409562573
3266 4 2433287681
1555 4 2286376528
3116 6 2334147968
4522 4 955715744
3552 4 2287669752
1631 4 569254495
4515 4 2190516885
5266 5 2459626673
6661 4 2081750922
3656 5 2079530911
2122 3 156252935
3345 2 1777736210
5211 5 727247335
2515 5 721519321
3442 5 2297272780
1625 4 958165243
2444 5 2208684228
2152 4 174254423
5632 4 2264836618
5562 4 2184425775
4552 4 2440010443
6432 5 2316556869
1121 4 208115771
6141 6 2390498713
6613 5 2333316936
1654 4 2230185540
3331 4 2208652558
4246 4 2167922394
1343 3 2051501747
4256 5 2241231378
1461 5 591847243
6212 4 97488218
2433 5 2206681207
4646 3 1915432758
3525 4 2268716091
6626 4 2168431401
2543 3 2028022433
2235 4 2093386344
5233 5 2231898625
1612 4 160312655
4552 4 2450847628
3312 4 297092709
2266 4 2178047877
5632 4 2287282860
3543 3 1786606238
2212 4 104295908
5153 5 2310771852
1316 6 615364685
1264 5 371221773
3225 4 610864422
1153 4 949021322
3614 4 2449262039
1466 4 2301805457
2554 6 2218379660
3515 4 2167807887
5446 5 2098060301
2431 3 592050845
5545 6 2102115325
5324 4 2237758175
3344 6 1918571153
4633 4 1986295872
5146 5 2305027757
2416 4 672183908
2424 5 627385261
1256 4 340062949
6665 5 1968450114
3461 4 2423451468
5121 4 952282137
3144 4 2080777484
1532 4 1000209138
2331 4 678831965
4634 4 1967070792
2236 5 2371264650
3162 4 1002505383
5254 5 2243466356
4622 5 956219309
2265 5 2224691494
3525 4 2285903246
3456 3 1939156514
3366 5 2045487086
2623 5 622167655
4323 4 2105542388
5323 5 2349875883
1615 4 571348231
3335 4 1953098337
1414 4 579112273
6515 5 2196007427
1524 5 968052830
3156 6 2330249000
2613 4 632227041
3356 5 1864580596
4126 5 1026567285
6545 4 2021838836
4661 4 2309034863
5166 5 2447449498
4514 4 2481337297
2314 3 595305513
6631 6 2430142746
1532 4 1001070683
3146 5 2147595082
2434 5 2206217066
1243 3 305088217
5312 4 276104697
2343 4 2104650967
6656 5 1905264151
5135 5 2254446141
6523 6 2413630912
1216 5 120953152
4624 5 2308396192
1265 4 336954675
3441 4 2173559603
6544 4 2038208486
3266 4 2462213686
3653 5 1964501131
1156 5 1014786192
1446 5 2288089582
4344 5 2036577257
2653 5 2207577735
3633 4 2039172412
4345 4 1879009884
3351 4 2291168222
4644 5 1953309478
2616 5 709149769
3341 4 2206300441
6521 4 275696402
5561 4 2323243361
1536 4 2227843350
5335 5 2062352868
5322 4 958203773
6252 4 302230557
3153 5 2327069553
2124 3 81194960
3442 5 2323452237
5113 5 2334075844
3424 4 2121787106
4142 5 1026530929
2121 4 104978699
2332 3 269688768
6261 4 665324456
3262 4 287919715
6542 5 2419669616
6416 5 2315844696
4112 3 864236862
6555 5 1972006966
3361 4 2168773794
2461 5 686701707
1621 4 162058613
2513 4 632179112
5156 5 2453227049
4464 4 1899659353
5121 4 953176149
6614 4 2273334321
6663 5 1976553179
1355 4 2252581981
3261 4 668796868
6645 5 2046791477
1543 4 2084653579
5322 4 957954480
4564 4 1955624585
2312 3 81466594
1454 4 2253568360
2345 2 2023535959
4353 4 2037182711
1153 4 955087832
5523 6 2487377418
4644 5 1980523958
2564 5 2223290418
1543 4 2123721575
3442 5 2299612402
1562 4 958988094
5131 4 2226410049
5143 4 2127886294
1445 5 2298656732
6516 5 2309108144
2414 5 716769624
6164 6 2270001405
1515 4 572172254
5646 5 2078075008
6543 5 1863004832
4135 4 2113997748
3164 5 2110854304
5232 3 277507445
1123 3 164160770
2125 4 105267349
1232 3 138333952
4441 4 2183790022
3615 3 2153026223
3433 4 1962635135
5515 5 2212553402
2545 6 2145096034
4552 4 2444333348
3465 5 1883149582
2266 4 2203290724
5162 4 958436761
5466 4 1968841666
2464 5 2331519174
6265 5 2200873697
6224 5 610626290
1145 4 960143499
1233 4 358291124
6322 4 962197455
6256 6 2477198722
2335 4 2110556150
1522 4 217713028
5625 5 2226692122
1661 4 552114180
6116 6 2454826025
1352 4 953527917
2165 5 402349196
3355 4 1883893437
3563 4 1954016161
3416 5 2466140135
1451 3 562506153
1445 5 2303447221
4632 4 2284249805
6526 4 2178865787
2631 4 629457666
1222 4 173293125
5616 5 2312783743
3616 4 2300430956
6512 4 276479952
4244 4 2157153443
2225 4 600779223
3533 4 1949053884
6354 4 1955849275
6434 5 2040833587
5536 5 2002325353
1614 5 586558181
4621 4 276429442
2556 5 2309874299
2512 4 104860378
5656 4 1890394181
3664 5 2091408303
1344 5 2143094536
6552 5 2195010967
6331 4 2207122435
3663 4 2043996921
5111 5 2462828453
5163 5 2367955687
3145 4 2199993083
1543 4 2103247769
6632 5 2311507975
1565 5 2305813662
4243 4 2135669174
4415 5 2251715841
2635 5 2120438362
5412 4 290661565
2135 4 364291716
6436 5 2014044426
4632 4 2287564593
4664 5 1930866906
3645 6 1929297148
6432 5 2305028145
2243 4 2109082199
5524 5 2319220826
5123 4 1009911486
2521 4 104743625
3536 4 1960324269
5643 4 1829594028
6231 4 628451784
1451 3 560230092
5463 4 1917134567
5542 5 2419339224
6322 4 954385499
3535 4 1864860057
2653 5 2207146845
2224 5 614653245
2136 5 391406349
2436 3 2176709402
2266 4 2195550478
1462 5 1014028520
6143 5 2152053073
4156 5 2338297133
6344 5 2060632827
2145 4 360736316
1452 4 1000459476
2451 3 663049082
6526 4 2187290202
6655 5 1963392714
1513 3 532013113
5235 5 2150805577
1462 5 1020688587
5136 6 2271380301
4165 5 2334069304
2123 3 81586090
6661 4 2050422935
5134 4 2068844253
2616 5 715455209
1454 4 2267760033
1131 4 944300143
5452 5 2448872538
5251 5 681314596
6111 5 2414082458
5566 4 1899392476
1336 5 2155164412
4542 4 2390747277
2512 4 116055761
1541 4 584379395
2454 4 2187111138
2213 4 621397245
4446 4 1941194554
1362 5 981565828
5342 4 2267516920
2615 4 699488223
3634 5 1977814011
5426 5 2437174781
6143 5 2161175074
5316 5 2373511281
1613 4 536355425
4314 4 2361405630
3616 4 2311996441
5415 5 2178321393
2432 4 285901103
1342 3 865197270
6656 5 1903185509
1436 5 2131312806
5655 4 1922195384
3443 3 1834900439
4644 5 1960870970
3243 4 2148841081
5632 4 2258463423
2544 5 2092276846
5155 5 2473290956
6323 5 2293328895
1656 5 2268002175
5616 5 2301276471
1563 4 2102645326
3562 5 2395026232
2635 5 2184453195
1124 4 208498984
1236 5 367476570
3564 4 2022500930
1651 4 549440462
1413 3 519767866
5312 4 275148435
1526 3 943746404
2651 5 677135553
2255 4 2189995531
5431 5 2234368663
3542 4 2296514646
5446 5 2065167786
4154 4 2213527633
1344 5 2134821991
2353 4 2080565394
2226 4 598040287
6632 5 2298179252
3436 4 1957713811
3125 4 1008573028
5135 5 2258950848
3436 4 2028147572
6441 5 2269463285
3442 5 2302490030
4322 5 1016182718
1121 4 207661914
4443 4 1839697446
2451 3 657154407
4313 5 2313285688
6666 3 1783960329
4615 5 2166121961
5131 4 2219079905
3146 5 2145754056
4165 5 2367952184
4415 5 2171758039
5434 5 1921294842
1414 4 577408905
1636 6 2284751813
4321 3 245515598
3246 4 2136059886
1451 3 565439500
4126 5 1019910414
6416 5 2294693994
6535 4 1842681661
2165 5 402883481
2422 5 976336920
3111 5 2327896947
5133 5 2293338480
1341 3 520343648
3655 4 2034862644
4441 4 2169506327
2333 4 2198251358
4224 4 601303352
4444 5 1954697405
4461 4 2292043889
1222 4 173516121
1125 4 215541106
3663 4 2033009243
1134 3 864587776
4534 5 1919735869
4223 4 535944084
5466 4 2019212992
4351 4 2198348271
4523 3 2304018887
3116 6 2394163517
1252 4 160745216
2611 4 698236824
3262 4 285006319
5662 4 2167282593
6624 6 2322452969
2112 4 167537948
2421 3 80616510
3365 5 1902491597
1453 4 2086186859
5136 6 2270661202
1264 5 369402475
3165 5 2298538280
6454 4 1958933816
3666 4 1971688050
5625 5 2190369330
6161 5 2548768308
3424 4 2118002879
3151 5 2341699123
3422 4 949215814
3125 4 1005294913
5641 5 2349804313
3662 5 2319477087
6414 5 2295076555
2543 3 2024872791
1423 5 964094838
6626 4 2170064469
3644 5 2062144265
4241 5 692002264
5246 4 2049867941
2441 4 684359357
3126 5 1027673381
3566 6 2093353846
2344 5 2119432165
4426 5 2414950980
1662 4 953017803
4425 3 2374411714
5332 4 2231355578
5545 6 2063015507
6633 4 1962250670
6256 6 2528155637
6234 5 2225306929
6653 5 2078710063
1234 2 296943298
4414 5 2315371081
4436 3 1955606617
3126 5 1025259296
2661 5 673048065
5534 4 1898681814
6253 4 2217916872
5454 4 1961544290
4425 3 2368238999
4265 4 2126854484
4126 5 1024470296
2534 4 2045822974
2511 5 714291841
2344 5 2134933805
6164 6 2262617081
3636 4 2030282456
5634 4 1907224733
3466 5 2081148618
6314 5 2312445170
5263 4 2251843755
4323 4 2188842181
4355 5 1952437435
2563 4 2194934883
6543 5 1839370521
6244 5 2181353459
6464 4 1887964706
6245 4 2052900374
4135 4 2195410094
3151 5 2318612475
4435 4 1826137198
1554 5 2266862190
2135 4 365632209
2261 4 664567349
1362 5 1042239192
5413 5 2242395843
6662 4 2162107372
2264 5 2399495522
2333 4 2186911722
4635 4 1822161059
6113 5 2317856222
5553 4 1970068361
2235 4 2169911895
3513 4 2425531068
6133 5 2245350760
6242 4 307257423
5365 5 2060552390
5451 5 2474165523
6456 4 1967842651
5646 5 2074612520
2331 4 731689874
4125 5 1113188197
6444 4 1962939629
4555 4 1863970368
2561 5 678101874
3265 4 2153594692
4343 4 2022980172
3532 4 2294458107
3153 5 2315224773
2314 3 597992953
5352 5 2364025414
5566 4 1888329659
2143 3 305286610
6513 5 2447457213
3451 5 2230769233
5616 5 2297348158
1666 5 2290169892
1655 4 2263834869
2156 5 401988898
2122 3 156227341
3313 5 2191452138
5243 3 2039421536
6144 5 2234262652
2214 5 709780715
3166 5 2308288285
4522 4 945860045
6442 5 2436895523
1512 4 160830715
6244 5 2159448040
5124 4 897803416
4515 4 2183201583
3216 5 704658122
4312 3 244115862
1532 4 1008770059
6213 4 629642889
6641 5 2210253050
1554 5 2254629147
1556 4 2265283569
6432 5 2295473562
2562 4 313476466
3514 4 2205697614
4541 5 2364634533
2244 5 2233273299
5552 5 2228808290
6413 5 2461921981
5142 5 1025778659
3641 4 2150548249
6366 5 1946189440
5434 5 1913905901
2616 5 711207102
4152 4 1007802256
4636 5 1998164141
5265 4 2167800999
1353 4 2114269012
2112 4 169215004
3513 4 2428796009
3211 4 693924686
5441 5 2348793613
4323 4 2091624975
1442 4 1072928332
3366 5 2125743778
4324 4 2225260595
2643 4 2093077982
4636 5 1995761033
3233 4 2415250555
6541 5 2392404940
5315 5 2204221695
1266 4 339017145
5352 5 2295475456
3565 5 2048049169
3125 4 1010891564
4635 4 1822132371
4125 5 1039594319
6646 5 1965786991
1616 4 566049767
4362 4 2284539024
1431 3 520438231
3662 5 2309014184
4516 4 2505230704
2352 4 305279983
6624 6 2311044774
3341 4 2191496489
1114 3 868215651
2613 4 688462640
1623 5 1017643720
1614 5 586349507
5366 5 2058455439
4453 4 1892723132
1162 5 203924322
4362 4 2277417952
6233 5 2433587821
5545 6 2067357399
4334 4 2048075191
5516 5 2290972797
6316 5 2187258472
2142 4 167342700
4124 4 892601943
5115 5 2446956653
4446 4 1949837118
2223 4 610752813
1445 5 2307416441
4261 4 677653766
4144 4 2201794328
4334 4 2044213464
3464 5 2074244644
6532 5 2268404529
2126 4 104299998
4211 4 667121633
2322 4 958419238
6656 5 1919275018
4533 4 1912984295
4613 5 2442512241
4626 4 2467016796
1622 5 228546327
4312 3 246090395
3345 2 1864585645
5421 4 290515075
1325 4 957358871
4365 5 1863925247
2311 5 713352041
4531 5 2237367633
4356 4 1945453886
2455 4 2108607669
6346 5 2051520238
1365 5 2260259217
1312 3 138205715
4513 5 2260097360
3465 5 1879973555
6551 5 2339592781
5335 5 2079069664
1322 3 157998671
2352 4 304689001
5121 4 948737160
3665 5 2047184348
4664 5 1899557317
5565 4 1959969819
3663 4 2029675561
2252 4 312252433
1234 2 295950721
2436 3 2177020905
5242 4 308533925
6216 5 714527520
1143 3 882905051
2421 3 82631503
2414 5 729502337
6655 5 1981763779
1656 5 2299136343
6354 4 1949220993
1213 3 81549630
4333 4 2083150783
6431 5 2450568727
6366 5 1946089462
3521 3 280434170
6653 5 2023021812
6145 4 2318753151
3321 4 296159332
3424 4 2108737343
3461 4 2410214241
4315 4 2087498389
1524 5 967063845
5545 6 2079372820
4426 5 2429678844
4361 5 2295740869
5315 5 2203912092
1246 4 334836980
2312 3 80645104
4624 5 2302377700
6564 5 1978217126
1661 4 545491219
3262 4 284764391
5254 5 2228414195
6616 3 2034238401
4464 4 1891938865
2321 3 80904064
2361 5 681232242
3116 6 2319179435
4242 4 306878768
3213 3 583747175
5634 4 1890032215
2266 4 2182085467
2452 3 302484655
4333 4 2043298026
4336 4 2196481923
5665 4 1940267336
4226 4 601776648
6613 5 2315827579
6223 5 636628798
2652 4 311994343
5464 4 1971577943
5413 5 2268453142
1333 4 2125513341
1433 4 2130118437
6256 6 2458217725
2553 6 2215778899
2216 5 709917906
5224 4 590089495
2645 4 2100445305
6466 5 1897163558
2414 5 709473132
6115 5 2431745185
2254 5 2230050380
1132 3 156054827
2562 4 312714251
6465 6 1888726360
3646 6 2068880297
6156 6 2455724749
6162 4 949672594
5314 5 2177733011
5256 5 2454612092
3453 3 1790581673
5651 5 2330637547
4225 4 607046503
6642 4 2373468053
1213 3 81054319
5654 5 1975468924
3432 4 2094215065
2214 5 711612895
6665 5 2021277564
3163 5 2378535762
6452 5 2457113230
1116 5 986448136
3554 5 1982611174
3522 4 946865512
6123 4 1004699541
5136 6 2262140193
4332 4 2112064700
5344 4 1874917352
2366 5 2215475049
2315 3 686595516
3211 4 696686501
6552 5 2202654841
3526 5 2471626112
3252 3 274815841
1653 4 2091053455
4321 3 242901553
1636 6 2333195258
2446 5 2196303440
1621 4 161847964
1644 5 2263388246
5132 4 1010525439
3246 4 2155388871
1413 3 516342236
3334 4 1858600113
2224 5 621858324
2362 4 307068989
6344 5 2050851625
2442 4 321842553
6532 5 2283306632
5544 5 2054321067
6243 4 2154489515
2566 4 2304309924
4662 4 2390332052
5526 4 2181060861
3215 4 684189811
1565 5 2289268363
6215 4 719293339
3363 5 2038903066
5631 5 2449908830
5313 5 2308030032
1614 5 584913278
3666 4 1938432963
2521 4 104660274
3462 4 2282166059
5266 5 2447859659
2662 4 311035433
1553 4 2089316866
6212 4 97542316
5432 5 2272707226
2122 3 156016762
2112 4 167385000
2113 3 345402340
2126 4 104446596
2222 4 930861142
6546 5 2043100220
6454 4 1965109206
6614 4 2255324271
5644 5 2061417261
2456 5 2195844043
2232 4 306122012
2515 5 714876422
3322 5 972034046
2123 3 81153788
2226 4 597448679
6121 4 956572972
1231 3 88542990
5525 4 2175221538
3445 5 1896044199
2241 4 677019644
3235 4 2131265434
6653 5 2024784948
4446 4 1970305816
1146 4 951489902
3661 5 2335542109
6356 5 2069016393
4112 3 870127742
4513 5 2254998748
5634 4 1936445704
3443 3 1852510046
4225 4 607593833
5253 5 2214676336
5264 4 2195108513
5312 4 276720896
5521 4 274183292
5635 4 1894155454
2143 3 305410347
3532 4 2258590228
1144 4 902211386
3231 4 611643036
5442 5 2527248252
3521 3 281353443
3561 5 2450475377
1566 4 2255991497
2265 5 2225091482
3234 5 2244632806
6415 4 2163981725
3453 3 1791184210
5221 3 88342460
1412 4 161496523
2345 2 2023081193
2424 5 616829733
3625 4 2286858468
3651 4 2438007563
1514 5 600606199
6452 5 2442398377
2134 3 303942159
2545 6 2149296440
3546 4 1856220004
6341 4 2192327897
6511 4 2289531411
6222 4 933170184
3622 5 955638226
2536 5 2200072220
4461 4 2260968377
2245 5 2117738444
6425 5 2429416406
5431 5 2239328746
1442 4 1005111521
3333 4 2014410099
2211 4 701542604
2263 5 2375806592
6611 4 2064996988
5235 5 2146731479
6356 5 2067493990
2531 4 623517467
5233 5 2230122260
6556 4 1963249384
4456 4 1985422270
6432 5 2294543854
6253 4 2214792245
3241 4 610215039
2541 4 669219299
6663 5 1984501691
2146 5 368933674
1342 3 869179249
4233 4 2247785661
4662 4 2413380992
4113 4 2137835326
5566 4 1919116194
1126 5 226508119
4146 5 2402413420
1612 4 162076743
3435 3 1787321624
1432 5 976122454
6263 5 2439295230
6565 5 1969066303
6365 4 2045818319
2144 5 391276211
3344 6 1931021588
5124 4 905282355
4166 5 2434583388
5313 5 2326887155
3316 3 2152980130
3245 3 2056041030
4125 5 1036490184
6361 5 2197739850
3265 4 2123635809
5435 4 1823394481
5131 4 2219797901
5611 5 2311491135
5121 4 954709491
5665 4 1952068978
2435 3 2099575212
4115 5 2397532121
1113 4 895288417
2566 4 2293096285
6326 5 2296307650
4666 5 1909671803
5554 5 1976891372
5552 5 2180710678
6552 5 2181620191
1643 4 2084612156
4244 4 2147213603
6316 5 2191968005
4254 4 2226925347
3423 4 2282007415
5465 5 1891650585
3463 4 1951359105
6411 5 2301856511
1256 4 340300949
6622 4 933179252
3344 6 1990201730
4112 3 877496120
5111 5 2508876774
4315 4 2096326131
3154 4 2088920189
6214 5 706696457
3631 5 2346760949
5161 5 2441863803
1355 4 2247691394
2424 5 617969433
1663 4 2098632730
4263 4 2214368217
4216 4 671426025
6425 5 2432029072
2322 4 1039914643
2134 3 305919332
3621 5 307332732
1353 4 2133062034
2342 3 347237017
1442 4 1006709492
6142 5 1027990327
1641 5 589505716
4253 3 2040824685
6346 5 2069474840
6222 4 935518555
2411 4 664847963
6464 4 1899028249
4314 4 2286415972
1464 4 2247195604
3526 5 2387242560
2515 5 720440498
2212 4 104178635
1214 3 80564363
5514 4 2417141409
2615 4 693372647
6643 4 1863055599
4256 5 2294197785
6335 5 2068434412
1351 4 570575127
2653 5 2213185758
6535 4 1858187344
3323 4 2384983839
6426 5 2453425914
6634 4 2009342992
1132 3 157216384
6334 5 2065949984
3262 4 286451516
4464 4 1897478041
6214 5 705907290
1261 4 97819893
6221 4 98180536
1455 4 2277882791
2565 5 2226938010
4444 5 1947634896
1212 2 15124788
3223 5 629548061
6264 5 2537908580
2613 4 624767670
2333 4 2215750071
4651 4 2463742348
4653 4 1932381743
6135 4 2356025278
3425 4 2355555445
4546 4 2168333288
6323 5 2313549732
2334 4 2094205873
4411 5 2369446962
3536 4 1951040279
5513 5 2444917549
4155 4 2281027627
1516 4 571743843
5324 4 2243254647
5541 6 2382593789
4253 3 2108309001
6645 5 2035397735
4662 4 2415748427
4234 5 2243879721
3516 4 2520276276
3224 3 564807675
4364 4 2084239313
2216 5 781505634
4636 5 2028355869
4441 4 2178154599
5143 4 2203491845
4412 4 299065690
3352 3 2253408262
2322 4 1032262265
5214 4 689951016
4124 4 899861436
3363 5 2085140675
3216 5 702600894
5116 5 2449313065
2236 5 2376195879
3421 3 245353528
1364 4 2162351540
2562 4 318504749
5631 5 2527589804
5622 4 946949578
2312 3 80995869
4661 4 2332684925
6333 5 1986864613
6641 5 2199151051
3611 5 2321808823
5142 5 1024459638
5651 5 2360622177
5153 5 2453135022
5523 6 2412939855
4463 4 1990018518
6533 5 2005833444
6216 5 714747594
6145 4 2327075368
1314 2 511820336
1361 4 564841271
3355 4 1897798188
5156 5 2455556065
6252 4 302354188
3225 4 611590730
2361 5 692273550
4651 4 2434445240
5445 5 2082236099
4333 4 2051091866
2513 4 624264489
1444 5 2271685280
4434 5 2000214560
4552 4 2436699770
2456 5 2211712827
6615 5 2211594243
3545 5 1885500366
2136 5 390852325
1534 4 2205243130
6261 4 662392462
5255 4 2162847048
6152 5 1033787627
5425 5 2590887816
1241 4 98433024
1256 4 404037322
2431 3 592444039
4541 5 2445622696
4431 5 2462979245
4664 5 1918546260
1564 3 2228245839
4146 5 2391054231
1116 5 968471350
1651 4 549890851
4624 5 2311963660
2653 5 2198234408
5245 4 2051044082
3235 4 2134515357
3464 5 2091412942
1442 4 1009201849
4435 4 1829756425
2446 5 2194920571
2536 5 2204171792
4261 4 681578773
5625 5 2191529129
2433 5 2211996490
5265 4 2168433971
3544 3 1849856506
1232 3 136941082
6431 5 2460782078
1525 4 976179241
5463 4 1918414583
5664 4 1963747556
4461 4 2291047452
2324 4 568187563
1133 4 960273977
5346 5 1868402249
5661 5 2340142852
1663 4 2134403443
1166 5 1019743232
1631 4 572894377
6623 5 2324150995
1121 4 209306666
6246 5 2186524399
3535 4 1868086447
2115 4 396269861
4315 4 2102474674
6131 4 2224593315
1355 4 2254699992
1444 5 2287552343
4215 4 668600056
5512 4 276092881
3652 5 2308950056
4552 4 2440461493
4615 5 2176488018
6452 5 2455672924
5662 4 2178732108
4144 4 2222557118
2264 5 2307525904
1233 4 362158519
3314 3 2287875362
1521 4 163686419
6513 5 2455385226
4642 5 2435804665
2661 5 677814602
2253 5 2203626634
3556 5 2088180070
4354 5 1975746494
3625 4 2291138883
5324 4 2246507924
1333 4 2125467031
3446 5 2053551933
3351 4 2310752182
4244 4 2154423614
2263 5 2388806675
1465 4 2304242099
1443 4 2111821822
2356 4 2100843147
6464 4 1907217998
5426 5 2439392915
5252 4 300571383
1411 4 565466624
1534 4 2133934957
2665 5 2232773803
4555 4 1868841568
4435 4 1835025744
5614 5 2443174939
6254 5 2231509552
2662 4 315739732
1446 5 2294321689
2211 4 707449044
6122 4 181689591
6235 5 2149491349
1642 5 1018978785
2615 4 698976560
6465 6 1913181057
4312 3 244293083
6252 4 299646094
2366 5 2239829421
1646 5 2327970480
6465 6 1942210104
4142 5 1037220115
2252 4 315186373
4464 4 1906869016
6652 5 2209768505
6665 5 1960108962
1223 3 80859785
5622 4 947750805
2126 4 104865755
5132 4 1012863632
5455 5 1876412500
2151 5 404563851
6533 5 2000419308
2424 5 616988671
1325 4 953479897
5126 5 972249697
1656 5 2313353271
4614 4 2277163007
5425 5 2436606091
3552 4 2364069958
2126 4 104513932
3165 5 2387356072
3623 5 2348349940
1316 6 621001902
3665 5 2060026738
5216 5 730880860
6156 6 2477185821
1553 4 2109396209
4662 4 2418869193
3624 5 2133930514
4525 4 2426536463
3342 4 2112135373
3361 4 2187479078
6115 5 2450596910
6636 5 1992102015
3532 4 2238789876
6322 4 963850989
2626 4 593652401
6663 5 1975116069
4534 5 1930719242
2312 3 81498170
3346 4 1881896097
6621 4 277883640
3244 5 2150469242
6243 4 2137013806
6323 5 2284820951
5326 5 2301184393
4231 4 604677516
2321 3 82351723
2216 5 713753299
5431 5 2269956009
6112 4 888622906
3264 4 2238562391
5135 5 2267030174
6252 4 300879442
1651 4 549977785
6162 4 957038014
2122 3 156883251
5522 5 961406997
1226 4 97622241
5645 4 2023262641
4243 4 2191468346
6135 4 2292020762
4611 4 2286613955
2165 5 404022261
6261 4 660707566
2541 4 675641590
4455 4 1880011152
3136 5 2132205746
1632 4 1006336276
5211 5 726612522
5511 4 2265856607
5111 5 2469515119
5443 4 1836158361
4443 4 1847320140
6244 5 2188526678
6451 4 2415620603
5113 5 2378032731
3466 5 2151016872
1522 4 216470457
5632 4 2270020329
5455 5 1873548397
4233 4 2218178340
5245 4 2123151700
4513 5 2243318040
6532 5 2280908566
2613 4 627522408
5224 4 592622142
5246 4 2115912034
1362 5 970167527
2255 4 2192403259
3311 4 2182947845
1614 5 588254363
6351 4 2302767318
2212 4 104709505
6544 4 2044574324
2551 4 670444589
1152 4 195397300
5413 5 2233669201
2215 4 696008003
6416 5 2307590402
4654 5 1980007900
5144 4 2273335163
1146 4 957948421
1444 5 2269845035
3236 4 2510885892
5336 5 2064419965
1211 4 111330293
2312 3 81086735
2151 5 406001075
3316 3 2158920456
4213 4 602864784
4412 4 296281859
3525 4 2284745689
6465 6 1899392710
3633 4 2033742406
3534 4 1803581876
4155 4 2275455595
1431 3 517466282
2562 4 311723331
1334 2 2041344599
2332 3 268772956
6163 6 2337830375
4636 5 2010213426
5261 4 675114064
1233 4 357339739
5346 5 1874283316
2322 4 967945629
3433 4 1985307727
6333 5 1973410380
6262 4 299602122
5366 5 2079098772
6553 5 2069573598
1514 5 600223572
5453 4 1971773402
6532 5 2408598687
6641 5 2199477138
2343 4 2103288458
6643 4 1852664023
2415 4 664112198
2446 5 2266623571
5563 4 2010159185
2264 5 2364973043
4522 4 943465675
5422 5 958844729
4643 4 1918851766
6355 4 2023683966
2132 3 136488621
1362 5 969178223
5535 4 1916134136
4216 4 662944648
3151 5 2315540647
2241 4 674244888
4444 5 1950624559
2256 5 2303768245
3433 4 1960543011
6543 5 1838227303
6334 5 2067142006
4644 5 1955961284
4166 5 2394348065
5142 5 1023090656
5616 5 2297657724
3246 4 2126037383
3445 5 1883241570
1624 5 964173963
5352 5 2287007606
2323 4 596817948
2561 5 674831772
4546 4 2063305912
3263 5 2440784835
6662 4 2171850813
3154 4 2086638246
6251 5 686052851
4265 4 2144704197
1141 4 951734254
2213 4 622961235
6461 5 2290370383
6313 5 2198576549
5446 5 2081933493
6644 4 1933446875
3243 4 2133939880
3214 4 602618585
1511 4 570947421
6525 4 2201543603
2523 4 601230585
6552 5 2191001204
1314 2 516440764
3232 3 338844549
4551 5 2460575657
2665 5 2224023109
2564 5 2265925046
6315 5 2201292589
5151 5 2449937320
6151 4 2437957753
5344 4 1860936715
2145 4 359271755
1442 4 1007041634
2332 3 271724949
2623 5 628137366
5432 5 2296416818
1456 5 2292936013
5451 5 2450761817
6612 4 275683493
1145 4 952382788
3221 3 88480535
6531 5 2509059475
4535 4 1896944198
4124 4 906646540
5635 4 1862744880
3555 4 2049103979
3431 5 2454864030
2533 5 2190383680
4235 3 2031487160
6316 5 2201800174
3433 4 1953500115
3235 4 2133211162
2336 4 2186398429
2442 4 318738221
3456 3 1927992247
4122 4 181094282
1263 4 336329759
6331 4 2192155757
4421 4 295968125
3514 4 2227317733
5634 4 1972398348
4512 3 265675265
6461 5 2283935176
2445 5 2195972884
1665 6 2314612374
6523 6 2410817621
6436 5 2004895142
2222 4 930750525
1546 5 2387934549
6236 5 2514862337
5235 5 2135916824
4652 6 2463638685
4214 4 693225401
2414 5 712173410
1165 5 1019855356
2362 4 307510851
1216 5 120354522
1234 2 294900888
1442 4 1002876516
2251 4 665385713
5213 4 622474306
4132 4 891287306
5636 4 1990314312
6453 5 1920117564
6461 5 2274822222
4233 4 2219460353
2113 3 341721453
6465 6 1900759738
1416 4 564129826
1114 3 882997010
4512 3 267439345
3461 4 2411886334
5661 5 2344228161
1252 4 160917524
1135 4 945064820
6661 4 2048478286
2313 5 709933043
2564 5 2218682720
1613 4 533880416
5566 4 1892524505
4531 5 2245647171
1343 3 2073623476
3444 5 2049787294
4212 4 97914391
3165 5 2319200483
1361 4 562854655
1465 4 2283523654
6452 5 2457789979
6254 5 2307593051
3331 4 2211511396
5144 4 2295930888
6361 5 2180483782
3224 3 517602742
3661 5 2322420990
5143 4 2148704538
3524 4 2115278285
4515 4 2173657672
1116 5 980727444
4426 5 2438802764
6632 5 2300209255
5614 5 2438880672
2661 5 684195080
3113 5 2314707865
3334 4 1862617765
3554 5 1955681393
3643 4 1856739845
4363 5 2071286540
1251 3 87295627
6126 5 961083910
3565 5 2059085678
1616 4 575527503
5645 4 2023212886
4112 3 865923309
4444 5 1949030251
5535 4 1840048869
3454 5 1957241813
6452 5 2436799322
5432 5 2274405124
6245 4 2050402233
1112 4 187608908
5421 4 290475254
4243 4 2134632442
1443 4 2103563189
4536 3 1898789321
4531 5 2238139511
3354 3 1785323871
1456 5 2268819154
2126 4 104873167
2451 3 653919404
1464 4 2257113699
3654 4 1943625148
6356 5 2130869751
2512 4 104475269
6253 4 2274536945
6336 4 1933150592
6231 4 623128424
2453 3 2026522883
4553 4 1896420137
2364 4 2081735235
3256 3 2189381110
2142 4 168434467
4615 5 2177274518
1126 5 225704090
1326 4 955111311
1624 5 971275050
6246 5 2168694731
5133 5 2247396505
2662 4 313266297
5142 5 1023759381
6645 5 2033835830
5334 4 1939336393
3211 4 698033909
5452 5 2450849381
3364 5 1868170127
3266 4 2459975441
5451 5 2478175792
3266 4 2430719229
1134 3 868844993
4542 4 2374647528
5154 5 2276707935
4153 4 2127557308
4654 5 1994461640
5445 5 2085325714
4654 5 2019731310
5616 5 2295806933
5111 5 2446447813
6425 5 2481356880
5323 5 2275207276
5526 4 2247452821
4533 4 1913192784
6134 4 2072570624
2651 5 677678986
4614 4 2268276813
4463 4 1982605533
1626 5 971407482
4513 5 2248052424
1564 3 2250210199
4555 4 1850079989
4146 5 2402025083
1655 4 2268811592
4524 5 2305067042
6531 5 2440174556
3345 2 1772076711
4451 4 2427987507
4352 5 2269886528
4263 4 2208465065
5654 5 1977247387
3341 4 2191761788
4111 5 2386254210
1541 4 570950185
2526 4 588656853
3646 6 2072401267
2523 4 604642944
5662 4 2160485007
2231 4 620363795
2545 6 2138207373
4634 4 1960365497
5451 5 2527873485
3162 4 1010920994
5622 4 947388869
3542 4 2340212549
2335 4 2105747048
6211 4 702458832
2324 4 570032939
1614 5 587552626
6412 5 306493700
1344 5 2161223934
3451 5 2238536653
6364 5 2061109091
4353 4 1953929521
1314 2 517190140
3231 4 611136835
4151 5 2336199001
4514 4 2430623001
1556 4 2272593900
3334 4 1864298951
2465 4 2102508495
1423 5 966321748
2435 3 2024223929
1242 4 161148304
2152 4 174622866
5455 5 1872366726
6322 4 960300391
1361 4 565230342
5163 5 2312064609
4614 4 2274323338
1343 3 2059816684
5133 5 2239848283
1534 4 2122482934
3665 5 2063690328
5452 5 2457682288
4213 4 603684989
2462 5 330392599
4535 4 1832276643
4531 5 2290399015
5433 4 1924868547
4111 5 2404198097
6261 4 661120523
1535 6 2279198916
5221 3 87926785
3112 4 901363167
4225 4 606741742
6333 5 1967003020
1131 4 960058730
1131 4 950584452
5362 4 2297400678
2353 4 2083513899
5632 4 2255755549
2351 3 656567988
3365 5 1903926499
4342 5 2269365541
5115 5 2440349207
1336 5 2149661801
6431 5 2461333162
4214 4 697162235
2651 5 678139245
1656 5 2288318585
6362 5 2284613024
3136 5 2139847825
3525 4 2309643621
1444 5 2275470727
2313 5 720392990
6234 5 2258330936
5314 5 2199535905
1522 4 217690106
6343 5 2064913347
4135 4 2101125153
4445 5 2061465015
4622 5 962903860
6614 4 2272200241
2653 5 2206858124
2435 3 2032069435
3662 5 2321566436
4255 4 2134200432
3442 5 2313840995
5221 3 88176047
4221 4 97726013
4463 4 1969974626
1422 4 209395284
6636 5 1981318357
2662 4 313554118
6663 5 1987250415
6615 5 2191398007
2356 4 2115251457
6256 6 2473902739
3565 5 2057047040
4664 5 1918074167
3332 4 2237914748
4326 4 2262085883
1523 4 998431723
6132 4 1009551326
2436 3 2162629802
4641 4 2185536744
4354 5 1986363194
4566 4 1955641902
6642 4 2376605017
2142 4 168455084
6561 6 2343336365
2353 4 2074097500
2351 3 656748020
2166 5 398855225
3666 4 1941556974
4256 5 2227826661
2432 4 288852874
4463 4 1972789531
5534 4 1896520162
3124 3 871776950
2231 4 625622138
4625 5 2424060056
3134 3 2048352060
4622 5 971941972
6524 5 2295764506
4454 4 1971960403
4141 5 2373154802
5632 4 2257385835
1122 1 14284
6216 5 713457672
6355 4 2016581626
3241 4 618180539
2121 4 104809898
6556 4 1890793080
2323 4 604314029
3611 5 2330618006
5555 4 1934685806
6641 5 2197332756
6555 5 1982408929
3632 4 2239355346
4416 3 2253913573
4551 5 2445150224
6264 5 2496774623
2466 4 2283698155
4361 5 2292980122
6134 4 2102842855
3214 4 606865971
5611 5 2456527719
4515 4 2191301061
4112 3 864124906
2662 4 312455689
6435 5 1835390183
6434 5 1991702030
5132 4 1006081802
4611 4 2300928420
1161 4 1004183447
4315 4 2104118346
1611 4 574513538
1642 5 1013980043
6322 4 952471255
5163 5 2320804629
1354 4 2134925482
6565 5 1966288126
3363 5 2053501228
3134 3 2053970804
1654 4 2235636827
2414 5 713573199
1344 5 2152961409
1431 3 516248493
1425 4 993155858
2634 4 2166541520
4463 4 1961935948
6366 5 1953214374
6353 5 2055714761
3533 4 1937614617
4255 4 2131590631
1143 3 870765176
6215 4 720167747
2451 3 657435495
2313 5 711326103
3114 4 2109660687
4311 5 2312510143
3455 4 1864916325
5451 5 2454646470
5251 5 679482925
6126 5 962415526
6243 4 2124976942
5263 4 2201374153
5561 4 2312593855
4254 4 2231836247
2612 4 105107559
1141 4 954249612
6355 4 2025319743
6556 4 1891704737
2331 4 673605830
6225 5 609543238
2356 4 2081766809
5565 4 1960542103
1643 4 2088162790
5554 5 2002891254
4211 4 665864334
1516 4 567525837
2321 3 81022614
2511 5 723018779
5115 5 2430619216
2323 4 598377654
3234 5 2239181200
2664 6 2315274697
6454 4 1963346543
6465 6 1900733052
2363 4 2189355627
2533 5 2186704507
4625 5 2434233703
4316 6 2325201656
6236 5 2438290656
5261 4 671878162
2125 4 105461702
4464 4 1917536916
2524 4 592543935
1462 5 1017788003
5256 5 2470236528
4636 5 2015585360
3415 4 2124502081
5231 4 622677684
6313 5 2205229304
1625 4 950255699
4626 4 2386606041
2143 3 304845834
5624 5 2288487953
2461 5 684527487
4245 4 2054002584
3141 4 2148465493
3662 5 2305375216
1552 4 950142202
4413 5 2432854491
5451 5 2458082258
5561 4 2319631037
2212 4 104135492
6444 4 1921761530
5635 4 1844084572
1421 4 161400806
5233 5 2224542872
6543 5 1839908545
1115 4 949729482
1264 5 367208410
6124 4 898060902
4566 4 1956800624
4423 4 2304381365
1216 5 121189402
6145 4 2318727414
1225 3 88579653
2465 4 2089239681
4441 4 2172997087
4551 5 2442525607
1134 3 867954571
4125 5 1026563943
6654 4 1951594480
6135 4 2210212058
6511 4 2291253580
6354 4 1942903624
1264 5 365519616
2261 4 663211570
1564 3 2220148285
5336 5 2068208270
1324 4 884106632
5432 5 2278672955
5643 4 1820043458
2521 4 104165481
3432 4 2091691594
3462 4 2285478856
2511 5 714008220
3351 4 2296073629
1311 5 607377290
2164 5 388876300
6144 5 2242418172
6611 4 2055106480
3425 4 2270029559
1354 4 2125895427
5651 5 2328215362
5133 5 2237053475
1363 4 2136324409
1542 4 996793273
1316 6 617786925
4154 4 2228104016
2651 5 678216888
1623 5 1025455449
3314 3 2268601361
3465 5 1891207390
2621 4 104273153
4324 4 2227209859
4413 5 2441863568
6466 5 1902799373
1414 4 582501283
1346 4 2126135788
3223 5 630274774
2364 4 2082457572
5464 4 1964712087
5245 4 2045873521
1462 5 1009979045
4325 4 2267303810
3515 4 2157467811
6614 4 2269953474
1263 4 336566418
6465 6 1899574934
3343 5 1937890097
2252 4 312937139
5435 4 1831900884
1263 4 341125902
4611 4 2285507255
1122 1 14570
3123 4 1021623695
4455 4 1872717266
1616 4 569838155
3413 5 2451935260
3433 4 2029820686
1625 4 953330290
4444 5 2012877612
1536 4 2239024375
3135 4 2108554466
6212 4 97646704
3436 4 1954834932
1541 4 571652780
6325 5 2293149934
6211 4 708087148
1645 5 2301642093
4516 4 2430473299
5615 4 2188098996
1563 4 2103901821
4414 5 2298141336
1533 5 2272589526
1364 4 2134324586
4422 4 944164302
1445 5 2370440792
6514 4 2477218706
5256 5 2468930561
2556 5 2301947628
5611 5 2298521122
6223 5 627875157
2665 5 2224670680
4426 5 2415641019
4631 5 2435256339
6533 5 1984176800
2122 3 157141369
4356 4 1941508019
6343 5 2064794868
3415 4 2119559917
1152 4 194631570
6424 5 2338507555
5613 5 2460886631
3254 4 2047657560
5421 4 290346937
2452 3 306087701
5655 4 1936996645
4211 4 668074668
4142 5 1027693295
6531 5 2442453340
6612 4 274242121
6443 4 1841395211
6464 4 1902762723
6453 5 1984747489
2165 5 401366760
5125 4 956977101
2266 4 2182505564
6165 6 2514836002
2452 3 304529683
2151 5 403133413
1266 4 338563723
6535 4 1852637602
1521 4 162108510
1343 3 2053432603
3513 4 2457702849
2445 5 2133742047
5646 5 2099664445
4226 4 613876042
5565 4 1960444877
4122 4 181335245
6414 5 2300514032
1131 4 945191157
5154 5 2242865189
6216 5 710944706
4412 4 295285963
3231 4 611589529
5325 4 2266052889
2245 5 2119593799
1451 3 559870901
2466 4 2270501212
5166 5 2440745262
3446 5 2054642873
2633 6 2445209740
3243 4 2130267585
2435 3 2027373711
6146 4 2438036811
1552 4 955969515
5434 5 1925608755
1454 4 2252752093
4534 5 1995370525
1562 4 956952184
2212 4 104576025
3152 5 1093272579
4365 5 1885775186
6646 5 1960155547
6235 5 2141701017
4515 4 2156485415
3631 5 2340954355
5232 3 280023268
1345 3 2188117486
3452 4 2271262374
4424 4 2336960946
4244 4 2150759256
3666 4 1933164849
6115 5 2425063162
1465 4 2357061451
3121 4 1016728334
5343 4 1857113872
1141 4 953587869
6564 5 2047167928
5351 5 2305830098
3111 5 2311244053
3113 5 2304829363
2145 4 357630095
5146 5 2319281799
5611 5 2295865443
5126 5 974162424
6112 4 893133342
5542 5 2403865315
4252 4 306655100
2255 4 2213651623
4532 4 2295985679
3231 4 608987837
3324 3 2066632988
2136 5 389275374
2321 3 80819093
3264 4 2211718356
2442 4 319075932
2152 4 175148778
4625 5 2415495447
3536 4 1943095607
2212 4 103917129
1455 4 2260508017
5626 4 2184958512
6143 5 2161209267
4643 4 1853191223
4331 4 2283639599
4413 5 2439911112
1264 5 364947529
3214 4 597978101
2414 5 708492962
4523 3 2261373136
4442 5 2417588953
5522 5 969859799
4144 4 2212735404
1133 4 958926650
2561 5 685253685
4364 4 2056856818
4411 5 2289346500
1243 3 304450421
4355 5 1869598682
2235 4 2102106151
2453 3 2036820108
1536 4 2234794639
1145 4 947264993
4464 4 1885546957
2234 4 2168301868
4512 3 266493688
4445 5 2043627885
1343 3 2058376098
2443 5 2119485746
5422 5 970799444
4356 4 1938325738
6441 5 2263179524
1226 4 97200875
3663 4 2048091171
3253 4 2221385046
1552 4 955133025
5366 5 2159156858
4421 4 295712766
4112 3 867291366
2344 5 2191771682
1643 4 2122746006
2326 5 607068424
6151 4 2499487274
2432 4 283999653
1342 3 870666179
5163 5 2299977950
2253 5 2233709601
5522 5 962388760
2226 4 593427270
6463 5 1980118167
5622 4 939969295
6235 5 2156538295
3555 4 2038049852
6554 5 1970532218
1255 4 335167753
2333 4 2193988250
5246 4 2051789790
1136 5 960672143
5441 5 2353600862
4132 4 891165820
1666 5 2280825794
5466 4 1978666799
1122 1 15421
3651 4 2437649508
2655 4 2225632770
1555 4 2283433068
2225 4 596163745
5552 5 2193833602
4556 5 1984460274
2546 4 2082080579
4362 4 2289157629
3215 4 685626834
4212 4 97416772
2211 4 698232395
1216 5 120974344
6162 4 951946920
5551 4 2275142476
2531 4 630727963
5212 3 88430346
6361 5 2195394673
3333 4 2014396913
3452 4 2264300065
3353 4 1859264460
2522 4 928878549
4165 5 2316284824
6614 4 2267586472
1614 5 585677568
4324 4 2237811697
4434 5 2005908470
6263 5 2441252300
4242 4 308480639
6213 4 624488590
5363 5 2072074649
4235 3 2034297025
2333 4 2196658156
2211 4 700934025
4433 5 2005729949
5122 4 182995577
1463 4 2117039344
1236 5 372324572
2451 3 666074952
5311 5 2312074836
2415 4 667592356
3133 4 2118168964
6254 5 2234609148
5336 5 2059980188
3255 5 2141567300
1651 4 553052135
3316 3 2188739571
2365 4 2117074235
5554 5 1979537062
1131 4 952364662
5241 4 669318364
2135 4 367617998
5543 4 1911816494
4623 5 2315186063
4346 4 2032916906
3524 4 2158726629
2246 4 2238538764
6415 4 2156971127
1235 3 342268671
5363 5 2073131409
1333 4 2140241226
6221 4 99459051
1642 5 1025944710
3463 4 1963617393
3464 5 2083779967
5255 4 2181669437
2161 5 407006368
1661 4 549560916
6132 4 1006129888
6555 5 1985195500
4645 5 2103661733
4663 4 1991326145
2413 3 593344568
6454 4 2036420014
2515 5 794627921
6152 5 968526771
5432 5 2291921628
5315 5 2284545098
5414 5 2464684328
6325 5 2304343943
6113 5 2310789810
5534 4 1912123855
6453 5 1925226182
2352 4 306374585
4646 3 1930355794
2432 4 286599817
5436 4 1922337973
4432 5 2316578826
3444 5 2197112023
6354 4 1960066290
2264 5 2304853007
5314 5 2212176956
2233 5 2377085193
5456 4 1979424253
1156 5 1022784119
2122 3 156931492
5512 4 276495376
1556 4 2279919056
1131 4 947454019
2611 4 705927064
5112 3 884735574
1335 4 2145525132
4113 4 2148807664
3623 5 2325723128
1613 4 537924762
6244 5 2185843419
3145 4 2154242389
2346 4 2126918051
1346 4 2127953059
4353 4 1978189187
1266 4 341257815
1553 4 2121363128
2242 4 322527837
4315 4 2104688292
2344 5 2122432973
2413 3 596246486
4515 4 2178627020
4321 3 246439181
6326 5 2301335108
3664 5 2182267461
2413 3 598997614
4411 5 2314871831
3255 5 2228151612
3536 4 1959016799
5521 4 278812548
6455 4 1873695048
1344 5 2145789622
4253 3 2063742804
5112 3 886401165
2151 5 404450961
2413 3 597227961
2115 4 394078196
4243 4 2134039512
4456 4 1980736324
3365 5 1924437653
6616 3 2054652855
2246 4 2214111166
1246 4 339257543
3623 5 2335023142
2353 4 2096672596
2154 4 367679779
5646 5 2086644893
5615 4 2275900735
3252 3 277618730
4665 5 1896135999
6232 4 287386281
5256 5 2476013546
4312 3 246270563
1164 4 902546035
6336 4 1953682449
4261 4 685034480
4332 4 2135222001
3624 5 2129265934
2425 4 678520171
4266 5 2556653071
3136 5 2205685253
3521 3 280294317
1433 4 2123948726
5226 4 593379702
5355 5 2055487902
3256 3 2210176180
2362 4 310139920
6256 6 2487970226
2465 4 2104916406
4356 4 1981969577
5113 5 2334456802
3141 4 2173864820
5321 4 276858456
6313 5 2207631571
6423 5 2328685150
2536 5 2220191782
6362 5 2296555909
5554 5 1988072454
1332 4 969977438
4512 3 270647196
5514 4 2427593152
1636 6 2323984731
1161 4 1013883492
2142 4 169163691
2325 4 595770200
2436 3 2190810542
4414 5 2307747113
3536 4 1966781647
2323 4 601148978
1651 4 551164548
2353 4 2088961259
2463 4 2247022240
2111 5 408274056
2556 5 2395660335
2255 4 2204184192
5413 5 2252878444
2641 5 687382020
3522 4 951910569
3533 4 1959214778
2262 4 314868934
4252 4 308341428
5165 6 2473326820
1265 4 338658627
6146 4 2392105397
5424 5 2319142386
4142 5 1034957104
4225 4 607578602
2625 4 590391356
5526 4 2204727999
2543 3 2065494493
4351 4 2217242902
5615 4 2353497668
4636 5 2008792049
3231 4 613642214
4561 3 2419259700
6635 4 1869711806
4344 5 2035061849
2316 5 719247694
1461 5 587532378
4426 5 2510530887
3213 3 596613191
1464 4 2336806253
1236 5 369488391
5335 5 2066512338
6341 4 2199719738
2426 4 608870924
5252 4 302953156
2243 4 2109649288
2222 4 936240819
2564 5 2225546300
3234 5 2270856933
2342 3 277788425
3415 4 2137245703
5442 5 2469483881
6522 5 962019764
6124 4 915591490
5633 4 1990909696
2264 5 2379793732
6336 4 1974653957
1452 4 1001274981
2565 5 2222406748
3624 5 2198004560
1342 3 869691464
2442 4 320193771
5566 4 1911385905
2642 5 329814574
5616 5 2305203305
4433 5 2015578507
6623 5 2341673118
3344 6 1933731036
3515 4 2190779882
4541 5 2377391413
1511 4 571925389
4143 4 2162552243
2352 4 308463485
6335 5 2079757887
4246 4 2170101713
6236 5 2460516063
6564 5 1998230159
3252 3 279301109
1644 5 2281960330
6441 5 2233854835
4411 5 2376071089
3465 5 1945111545
4432 5 2296665116
1256 4 338252604
4343 4 2038372830
2526 4 603550203
6152 5 973872629
4544 4 2071593431
5652 5 2227025378
1545 5 2330379891
6322 4 959731800
3261 4 672753446
3651 4 2458189336
3444 5 2068758184
4456 4 1988745021
2416 4 672132964
5415 5 2202739601
5646 5 2086373488
5635 4 1868759076
3323 4 2315385800
1214 3 82231318
2126 4 104359666
3214 4 602666241
1145 4 953592304
3562 5 2393848171
4613 5 2446818157
6633 4 1978842671
2561 5 680856568
3446 5 2048546856
5425 5 2449399560
3211 4 695698295
5661 5 2343788340
2264 5 2328756852
6146 4 2448946115
5136 6 2273699270
3412 2 236694156
3341 4 2204577572
4264 5 2533741901
5564 5 2010232070
3213 3 582395248
4362 4 2296319713
6433 5 1993505240
4415 5 2173673285
1522 4 216991689
6151 4 2432198144
4561 3 2412704002
1424 4 962919412
4156 5 2347463747
4311 5 2304088461
3233 4 2408907744
1264 5 368132901
3155 5 2330973471
6316 5 2192684163
6365 4 2043283047
4545 4 2016318261
1133 4 954012118
3462 4 2289947250
4255 4 2123114244
5655 4 1932719529
5364 4 1948785470
5531 5 2468779819
2342 3 277157770
4123 4 888443458
2222 4 932120258
1254 4 350623366
1645 5 2329257380
4531 5 2235174676
5526 4 2162507142
1615 4 570317055
5465 5 1897587845
6363 5 1979302615
1262 4 161298410
5246 4 2050937393
1134 3 864382578
5334 4 1939646761
5311 5 2295823383
3132 4 1008450421
5233 5 2230222269
4221 4 97699751
6435 5 1842537371
6352 5 2277216858
6626 4 2173990034
2522 4 935370504
6365 4 2052170601
1261 4 97671854
5626 4 2174664012
6566 4 1884504184
1642 5 1014434519
3224 3 517657572
6166 5 2410981263
3335 4 1880665219
2264 5 2298692606
2611 4 698258788
4456 4 1973848834
2626 4 591322426
2641 5 690175912
1236 5 368346924
5134 4 2071942707
2326 5 604087101
5665 4 1941766457
1356 4 2241011366
5212 3 88048545
3423 4 2276679192
4261 4 676549280
2231 4 626316880
6523 6 2399728290
3512 3 279973992
3154 4 2115749119
2115 4 392171413
6153 5 2315852221
4221 4 97299735
1515 4 577740044
2414 5 708184795
4634 4 2002009762
1522 4 215630535
5562 4 2179678852
6466 5 1971697753
4661 4 2344399452
4466 4 1890200519
5235 5 2154411164
6655 5 1959366409
2325 4 590785245
2563 4 2257073370
3642 5 2301994743
5152 3 940577407
1614 5 584384858
2525 4 592672475
1551 4 549783926
2125 4 104837567
4633 4 1984302887
3626 4 2309553748
4436 3 1964040968
6264 5 2458441805
6452 5 2532857296
6524 5 2304515012
2441 4 673162841
3526 5 2420581728
6163 6 2323709568
6544 4 2047548516
3566 6 2096969297
3162 4 1000560748
1512 4 161050448
6363 5 1971635915
3123 4 1004203855
1525 4 968271957
1514 5 606044211
3442 5 2310309163
5341 4 2086797694
6236 5 2442968958
1453 4 2092845194
2561 5 677331307
4365 5 1877912202
2515 5 716700717
1533 5 2269801332
4441 4 2195080354
4335 5 1882579930
6353 5 2135242169
4122 4 179932778
6335 5 2117013795
6121 4 956104731
5613 5 2448383913
4523 3 2264605788
3632 4 2213098259
3161 5 2292151218
6435 5 1852606923
3232 3 268033024
1654 4 2224587705
1164 4 896614201
1335 4 2123682682
4555 4 1857736102
1344 5 2136686654
3566 6 2092896768
6312 4 276166361
3411 4 2435621509
1534 4 2151077882
5545 6 2080491043
3231 4 614827436
5512 4 275604739
2446 5 2202544284
4124 4 904997860
5335 5 2059357941
3566 6 2164208702
3316 3 2223483275
5444 5 2062387103
4554 5 1979847829
3615 3 2140021634
4251 4 666275555
5633 4 1971528063
4362 4 2270066837
3365 5 1913584655
2426 4 605513175
5451 5 2519822039
5652 5 2259123091
2311 5 713188011
4453 4 1906252228
3463 4 1953290062
2256 5 2305077450
3314 3 2264110634
3646 6 2077070602
3324 3 2060455458
1215 4 104343023
3636 4 2027461618
3213 3 587229284
3542 4 2274273103
5246 4 2059413145
1313 5 603614736
6121 4 964155203
2454 4 2177179437
5255 4 2156152556
3254 4 2071476271
3445 5 1887881856
4561 3 2425098114
6661 4 2051013065
4144 4 2213152632
4431 5 2470952527
1223 3 81312302
1455 4 2268757594
5634 4 1902532054
6132 4 1008046894
3652 5 2313791820
4466 4 1912116607
5544 5 2067502212
2153 4 361432334
1546 5 2303633973
3641 4 2145023478
5162 4 950806710
1244 4 356319400
5322 4 957948982
3551 6 2494286239
2434 5 2206265979
5216 5 725532759
6231 4 623613545
4415 5 2174334335
5331 5 2331926910
2154 4 367106566
2554 6 2226373116
4611 4 2284085318
4151 5 2331002950
5533 4 1975796460
1636 6 2265795104
5313 5 2306229171
5125 4 955974750
2231 4 626841784
1651 4 551174636
6446 4 1953079015
6244 5 2197407379
5222 5 952124668
4611 4 2290766620
4414 5 2313543035
4432 5 2289378004
4615 5 2175149095
5143 4 2136558714
1245 3 327703315
1633 5 2276569658
6344 5 2055835605
3411 4 2450589143
5223 4 607326814
2455 4 2126708178
6115 5 2455180704
2262 4 317045008
5556 4 1910170944
1425 4 1002909277
2126 4 105143780
4416 3 2271293442
2226 4 598778449
2656 5 2329817468
5411 5 2502336444
2466 4 2311508649
1235 3 342905164
5442 5 2464128420
1253 4 338217976
4366 5 2079706168
6132 4 1007847484
6541 5 2352734189
3154 4 2113301742
1322 3 159396352
5423 4 2280815383
2652 4 314806277
6653 5 2033872691
4645 5 2042843655
3324 3 2060417394
3513 4 2466282445
3456 3 1942077333
4135 4 2109885082
6414 5 2298738085
2112 4 168420629
6414 5 2307455223
1243 3 307857669
3621 5 308561425
5411 5 2472201501
5645 4 2038740250
2623 5 646833469
6423 5 2319464729
4233 4 2224901779
5433 4 1932628126
4661 4 2289686089
5613 5 2479073798
4663 4 1998026574
6163 6 2338400081
4515 4 2178281929
5465 5 1895926394
2511 5 718871009
4161 5 2396962112
1645 5 2306665050
5163 5 2312247687
1521 4 161688356
2335 4 2112584637
6444 4 1941353263
2321 3 80546865
5362 4 2286623600
5416 4 2438799173
3333 4 2036998273
4432 5 2308359289
5314 5 2207577617
6331 4 2194836761
5111 5 2464365465
3216 5 708619220
5253 5 2240994688
2616 5 722591054
1261 4 98306722
5116 5 2460999536
1113 4 898389992
4513 5 2236921899
6352 5 2275617033
4422 4 935999709
3344 6 1919525450
4611 4 2281009851
1346 4 2102988465
5611 5 2309388725
6241 5 690270756
3151 5 2315195796
3446 5 2055143954
6313 5 2199409563
6255 5 2171736835
5133 5 2245729233
3215 4 690468372
5211 5 722140387
5333 5 2058230563
1325 4 954443361
2122 3 156105218
3234 5 2234681605
4165 5 2332362516
3562 5 2383061943
6553 5 2022028936
2331 4 670013430
2623 5 621574538
2223 4 612184284
4664 5 1902626754
1233 4 358283260
3364 5 1875350858
1531 4 578611447
5144 4 2219803841
3531 5 2473349529
4436 3 1983062416
5162 4 955773413
4236 4 2208707846
4215 4 665992503
3454 5 1965611485
1622 5 225138377
6233 5 2443020799
5265 4 2168187780
4336 4 2054382820
5365 5 2124364665
3241 4 608313086
2156 5 403437040
1114 3 876803957
1543 4 2158845696
6644 4 1939564699
1133 4 953719534
3556 5 2088850252
1213 3 80721436
5141 4 2287481191
4146 5 2472059138
1316 6 615749395
2416 4 665940138
2532 4 305630779
1314 2 562240368
2525 4 590003930
2464 5 2337688407
4661 4 2278786493
6614 4 2273223548
1214 3 81305823
1632 4 998856727
2634 4 2173421024
5544 5 2051269749
5646 5 2071474695
1342 3 868522890
2662 4 312538877
1363 4 2112305819
1322 3 157105726
3621 5 306040354
3435 3 1785234661
3664 5 2090043614
2235 4 2119144444
4124 4 896468742
2263 5 2366394472
6641 5 2196330454
6453 5 1918563209
3222 4 935387691
1241 4 97041678
5444 5 2060847351
6352 5 2276938683
1632 4 1001010882
4525 4 2427209590
3152 5 1089027518
4146 5 2401919412
5531 5 2555128543
5216 5 722331410
6624 6 2320036406
6412 5 305005601
2431 3 596242796
3411 4 2440446919
5133 5 2246872658
6133 5 2234448322
4315 4 2088087728
2561 5 673008072
1645 5 2291020689
4331 4 2286023448
2324 4 568438971
4255 4 2132023887
6132 4 1020361833
1364 4 2185307709
4425 3 2484348384
3132 4 1009804172
2345 2 2013287590
3652 5 2291253852
1252 4 162708449
5112 3 871690560
5433 4 1908339335
6344 5 2050480131
2242 4 319375494
3146 5 2151401302
4446 4 1976579847
3633 4 2029685242
3634 5 1961574646
1661 4 554103493
6516 5 2297788107
6251 5 693131506
6622 4 929910065
1452 4 994702291
4123 4 897680261
3452 4 2274454093
3654 4 1940883362
1665 6 2321795526
5654 5 1984190977
4463 4 1967576697
5656 4 1883466323
5415 5 2174893747
3615 3 2133776472
5265 4 2186488186
6532 5 2273274886
2536 5 2195169210
6461 5 2284469612
5632 4 2281644196
4456 4 1972306657
2111 5 408582505
3552 4 2271781660
2664 6 2344267143
6445 5 2063469241
3513 4 2410103737
1651 4 549750991
6616 3 2045749528
6666 3 1785302475
5542 5 2403022257
4353 4 1958472590
4136 5 2182958454
6235 5 2243259648
4354 5 1984208763
6164 6 2250931702
3534 4 1800455650
6356 5 2071951586
3352 3 2243331054
5264 4 2203452436
1142 4 187696912
6522 5 964723902
5266 5 2440876851
1553 4 2095210755
5521 4 274323795
4331 4 2301704020
5642 4 2399152878
6651 5 2334878179
1131 4 954125228
5366 5 2091213771
4452 4 2392831534
5433 4 1918110629
1563 4 2086352629
3323 4 2268372063
5352 5 2376194672
1542 4 996843474
1335 4 2200503930
1212 2 14987523
1222 4 173261722
6423 5 2292975537
4632 4 2279988471
3143 4 2194762153
5326 5 2276439462
2461 5 683659147
2234 4 2172624079
6431 5 2521169721
2424 5 612588050
2665 5 2224437750
6544 4 2033142673
4621 4 275840159
4161 5 2397242374
5343 4 1870486153
1552 4 954428770
5143 4 2131587561
2331 4 671317515
6345 4 1965514647
4124 4 899303904
1145 4 1021874279
2415 4 664047146
5644 5 2068421601
3435 3 1789033391
6144 5 2250002982
1353 4 2116857190
2116 6 418795352
5634 4 1907544836
1166 5 1016177684
3646 6 2079087980
2525 4 593723163
1534 4 2129509853
3266 4 2455845873
2653 5 2209517898
6154 5 2235720833
6515 5 2213212706
5353 5 2061693081
1525 4 966584438
6641 5 2193755577
6216 5 711171953
4335 5 1885847291
4433 5 2001825528
4141 5 2383302267
1315 4 568182043
1512 4 160363477
1542 4 1000076129
2656 5 2305138242
2353 4 2081892362
3562 5 2398885781
2111 5 410590100
3215 4 686488253
1514 5 606525453
2215 4 689207069
6245 4 2042367078
6226 5 603625878
3442 5 2292723710
3531 5 2468841570
5212 3 88178509
4536 3 1913809647
3261 4 663481019
3153 5 2307216031
1211 4 111525278
4242 4 307334160
1323 4 966095482
5411 5 2454807742
5551 4 2268874406
1155 4 1006725361
2132 3 137155379
3452 4 2292707791
3164 5 2097490373
1464 4 2251351434
4645 5 2041858983
6634 4 1990459357
1354 4 2116268135
2653 5 2196602686
4652 6 2475593795
4265 4 2123107346
2234 4 2170937509
5163 5 2315317929
4541 5 2357823698
4264 5 2452057905
6426 5 2391897802
1135 4 946213083
1253 4 337413600
2215 4 762449955
1425 4 1006540261
1611 4 568755451
3365 5 1913794267
3521 3 280737405
6124 4 900390513
4314 4 2288349854
6536 5 2073338665
2225 4 597444080
3542 4 2275565944
6646 5 1968386300
5311 5 2298605724
3414 6 2499598971
3244 5 2149087760
4155 4 2275308893
1416 4 561074266
3431 5 2458474812
3226 4 621941092
5266 5 2449925125
3412 2 234276286
4512 3 265693070
3641 4 2146446041
1111 4 960065819
5244 3 2035758791
1613 4 535411799
6352 5 2285095178
5621 4 275731044
1453 4 2090308378
1234 2 293700389
6553 5 2013681869
1524 5 976957737
4521 3 266585601
6125 4 949334612
5565 4 1966602688
3331 4 2203591539
6123 4 1007586620
4113 4 2148132550
5216 5 726002730
1123 3 164507696
6312 4 275985280
3314 3 2275954453
5311 5 2295913753
1545 5 2295362532
6355 4 2028780386
6366 5 1951928536
3415 4 2138591158
1216 5 121080514
4212 4 98176347
1121 4 209546732
1622 5 226660736
4264 5 2480319053
6552 5 2192358361
2655 4 2227758248
5664 4 1965068642
1665 6 2313186582
1115 4 958910468
3543 3 1793361811
3633 4 2037559337
4365 5 1946223585
5264 4 2216598800
6466 5 1933348464
6441 5 2185314686
4561 3 2478104463
1552 4 951801370
1242 4 161013615
6232 4 285819857
3521 3 282816605
6116 6 2431887002
5524 5 2377077447
6316 5 2189504301
2641 5 685474040
4413 5 2511785737
2151 5 403177897
4614 4 2264145421
4526 4 2406578821
4266 5 2469445665
4654 5 1982398901
2321 3 81119131
1132 3 157415088
6532 5 2282988487
6344 5 2043064063
1531 4 577634698
4624 5 2323049749
6465 6 1922733224
2351 3 731150436
4665 5 1919441913
5444 5 2077183207
3124 3 869259368
5411 5 2466816891
2262 4 316795652
6111 5 2421596072
4662 4 2402779536
1151 4 1001274333
4131 4 2090132940
2143 3 305435154
2416 4 666871424
3145 4 2133508364
3134 3 2057311437
6425 5 2425233531
4362 4 2282149553
4346 4 2018601518
4124 4 901775867
1124 4 209613667
2264 5 2297615930
3543 3 1790655447
3645 6 1925318416
4622 5 961719156
5343 4 1887296426
3644 5 2088903049
5231 4 631223131
1266 4 340725597
5514 4 2446465293
5146 5 2312616241
4654 5 2008857166
6312 4 278336338
2642 5 333257473
6215 4 717099427
1316 6 618097621
6631 6 2357892965
2451 3 658554857
1465 4 2288277540
3242 3 268215820
3525 4 2305434835
3225 4 605895146
2233 5 2436773753
2453 3 2054994116
3113 5 2373613974
3462 4 2293337947
6353 5 2069866534
3436 4 1959974796
3234 5 2245293908
3511 5 2488530798
5623 6 2427615870
1623 5 1036983037
1335 4 2144036034
5141 4 2310263874
1323 4 972751755
6153 5 2340177931
6342 5 2306796803
6353 5 2072641440
4651 4 2438083091
4446 4 1956404614
3212 3 88339942
5536 5 2000134858
3533 4 1947974845
3641 4 2157816347
5254 5 2258374982
6155 5 2457072562
1321 3 137516576
1432 5 967805443
1113 4 902536768
3362 4 2274707439
1565 5 2316238673
6255 5 2187211883
5532 5 2306095783
3152 5 1027184504
1141 4 961139935
5163 5 2338130730
6533 5 2006511461
2344 5 2199125280
6351 4 2377206086
1241 4 97400349
2665 5 2228177498
5624 5 2288732857
2121 4 104493434
4615 5 2162804751
6626 4 2169584929
3516 4 2433018081
1524 5 970448659
6462 5 2411678291
5263 4 2216040832
6321 4 276203669
6341 4 2184331098
3135 4 2112271042
6555 5 1969410736
4115 5 2314532804
5434 5 1916077180
2561 5 673494924
2143 3 304001214
4662 4 2398507190
5145 4 2280207967
1251 3 87693014
2464 5 2302777429
1336 5 2136483954
2621 4 104856414
3556 5 2086635962
5536 5 1995018237
4166 5 2376200323
2353 4 2142956688
1324 4 882998438
6336 4 1942285970
4421 4 296246562
6664 5 1894534883
1416 4 562128181
2656 5 2370036821
5564 5 1979972282
4565 4 1872398561
4163 5 2138057525
5445 5 2060664066
4461 4 2271871745
5516 5 2305997392
5146 5 2297040603
3512 3 281106006
3414 6 2476983046
1165 5 1025133400
2441 4 678923141
1125 4 217657819
4265 4 2134653215
2213 4 628007240
2213 4 629051303
5236 4 2226840660
3233 4 2436074194
1164 4 898438646
4442 5 2408391478
4561 3 2395310185
4352 5 2342220184
4661 4 2342771389
6255 5 2175626989
1665 6 2306650204
3261 4 668142700
3316 3 2167716088
1152 4 195550137
6521 4 276033233
2632 4 308273861
2261 4 667352371
5413 5 2246868580
3241 4 613321985
5136 6 2258067658
2256 5 2372821621
4446 4 1940838935
2441 4 676191629
4266 5 2467534161
1444 5 2256622205
3146 5 2146504422
1635 5 2326502107
4652 6 2487427710
1166 5 1049225296
4533 4 1916713941
1511 4 568570871
4666 5 1974969121
6146 4 2375087775
2226 4 597559036
2116 6 418117490
5531 5 2471412532
1561 4 551453619
3241 4 610645897
2246 4 2264354532
6233 5 2539195040
1243 3 307348616
3566 6 2092732316
4655 4 1859291641
2456 5 2205353419
3412 2 236274962
1361 4 561818620
1324 4 884624406
3455 4 1855592811
1254 4 351119698
6136 6 2252798780
3532 4 2225840686
1253 4 334397372
2633 6 2374787794
4354 5 1965642340
5561 4 2306530628
1242 4 161134737
5323 5 2344450579
3656 5 2068982459
6316 5 2190214607
3344 6 1918549020
3543 3 1784768559
2336 4 2280869455
1446 5 2306420489
3651 4 2516373536
6625 5 2242654010
2441 4 677101024
4111 5 2394790749
2312 3 81201460
3654 4 1952735478
5634 4 1915759762
1526 3 944519676
1555 4 2286574683
2161 5 401883676
3632 4 2237548706
6615 5 2205564793
5444 5 2066053053
5513 5 2463049389
1564 3 2242657613
1311 5 605747790
6222 4 925790858
1454 4 2245056206
2236 5 2376280178
3413 5 2463477362
1342 3 867759392
3615 3 2148734537
5132 4 1003394397
1413 3 519206026
3352 3 2267606117
5166 5 2437950259
4556 5 1984338307
4455 4 1867860279
3411 4 2442731982
3332 4 2236921339
3226 4 621981374
3156 6 2340164538
4522 4 948930427
6643 4 1843015767
5453 4 1909156026
6165 6 2445988201
3632 4 2199602047
2166 5 402235175
4131 4 2094252278
2364 4 2082063437
3311 4 2282325381
6356 5 2193618347
3423 4 2288627868
5531 5 2465546471
2163 5 437945498
4666 5 1902071189
4414 5 2284383100
1464 4 2248604497
4432 5 2278028654
2322 4 963001850
1113 4 898382277
4355 5 1872610235
1114 3 872312481
5521 4 277208897
1461 5 589600480
2523 4 604088987
5233 5 2231475312
1115 4 954366843
4151 5 2329636586
2256 5 2302850832
1164 4 898157256
3122 3 157953319
6251 5 680702067
6534 4 1902032413
6165 6 2442709385
3351 4 2300311369
6226 5 608296556
6541 5 2363876795
2634 4 2176444268
6221 4 97986256
2151 5 401775448
4136 5 2112365928
4646 3 1917100372
4225 4 604418895
5161 5 2463947877
4141 5 2386470429
5121 4 959615957
4223 4 535825063
3162 4 1001643072
6326 5 2297292981
3615 3 2135540127
3566 6 2104361619
4135 4 2094742264
6135 4 2206459607
3155 5 2318884977
3264 4 2246553477
1314 2 511544265
4442 5 2436539352
3665 5 2071653679
3313 5 2190678944
5261 4 672552216
4643 4 1852396167
4561 3 2424122867
2466 4 2277691884
5262 4 298075061
3324 3 2059286897
3615 3 2152915184
5615 4 2199750946
6516 5 2300239296
3433 4 1965401054
4344 5 2035153317
2153 4 358798345
4151 5 2330322912
5562 4 2190580097
5364 4 1950157761
1144 4 896327826
1255 4 337771838
6531 5 2427256510
5442 5 2442732619
3153 5 2322164273
6253 4 2207420394
6446 4 1938565457
1446 5 2313688086
4335 5 1910755649
5153 5 2297847055
6123 4 1024857478
4114 5 2299231987
4236 4 2210377457
5125 4 950488533
1365 5 2333004616
3162 4 1001961556
4446 4 1945357480
6611 4 2052025384
4311 5 2316194491
6542 5 2398564161
6356 5 2061666128
2551 4 666069131
5522 5 972584945
3331 4 2189359889
5245 4 2056426547
3643 4 1849326701
5524 5 2309203808
1445 5 2302726771
3551 6 2483637443
2235 4 2105493573
3152 5 1032072453
3632 4 2214519658
5165 6 2451752163
4641 4 2188333163
5263 4 2237301787
2132 3 137054282
4332 4 2124216335
3234 5 2239298268
5553 4 1978779579
4512 3 268960206
6364 5 2064381391
6322 4 973044772
2642 5 331254312
1434 4 2132438102
3414 6 2472781641
5254 5 2240814147
3251 4 665154189
6412 5 306862608
6223 5 627664431
5465 5 1955413813
5246 4 2051561632
4341 5 2215982475
2443 5 2120845968
1645 5 2322292632
3315 4 2336519611
6445 5 2156640882
3223 5 624327694
3165 5 2303650892
2114 5 389291734
2561 5 682280147
2654 5 2202282602
1165 5 1021187405
5522 5 957912974
5424 5 2338299653
4334 4 2079872751
6554 5 1977795793
3113 5 2300600612
6436 5 2000307875
1625 4 955675334
2361 5 683534120
2662 4 315672549
3514 4 2236739935
2232 4 307069281
3136 5 2130887714
6141 6 2408647284
5242 4 307406612
3543 3 1795320444
1533 5 2278139004
2256 5 2315889825
1523 4 1008435363
4564 4 1964518570
2244 5 2258635010
5315 5 2233746442
3646 6 2085393724
5324 4 2238193083
4233 4 2216869881
2365 4 2110159357
4525 4 2425301531
5261 4 674961174
4645 5 2031333341
1163 5 975326991
3623 5 2316362963
1321 3 137904785
3426 4 2280021879
2332 3 270009032
5611 5 2308995844
1636 6 2282391665
4152 4 1013931423
6422 5 971157723
1653 4 2134912403
1542 4 1003411563
5241 4 676935146
3213 3 586812059
6133 5 2249691348
5345 5 1919515867
3525 4 2273711445
4326 4 2275889107
2442 4 322277240
2362 4 309123991
3551 6 2491808059
1463 4 2092315362
5415 5 2178707030
3424 4 2129960413
1326 4 959148374
4264 5 2511233203
5553 4 1978317877
1245 3 332464134
1142 4 187673584
1635 5 2255700123
1321 3 138595173
5435 4 1850415773
2631 4 625213478
4324 4 2238801194
3524 4 2136171975
6443 4 1860356664
2421 3 81523439
2125 4 105630888
2642 5 330661442
1211 4 111435712
5426 5 2421988624
1335 4 2137184848
2625 4 593286234
6315 5 2222071870
3255 5 2141057694
5623 6 2399938752
5153 5 2315340783
2331 4 678675921
5331 5 2310297478
2333 4 2205329422
3411 4 2440738217
2222 4 929418722
5531 5 2473930547
4523 3 2270095062
4512 3 265175216
2414 5 711811185
2463 4 2168246483
4612 4 275827196
2253 5 2232382550
6353 5 2083004425
2512 4 103843867
6415 4 2144035373
4365 5 1866601632
1626 5 983306531
5134 4 2085337657
1215 4 103979503
4542 4 2386808996
3332 4 2238671556
1414 4 576254682
6626 4 2166515133
3143 4 2131388190
6156 6 2473787722
4514 4 2413128187
4251 4 666853475
5526 4 2182946029
4326 4 2286794624
5221 3 87968750
1564 3 2223139385
6543 5 1859631392
2563 4 2215801252
5126 5 968556937
2216 5 712376785
2632 4 307288127
5522 5 955895998
3435 3 1790656940
3223 5 630385577
5154 5 2236695351
5545 6 2073413576
1662 4 949518604
2535 5 2100916117
2651 5 673396929
4556 5 1980540318
5551 4 2297502614
5554 5 1977098097
3446 5 2052205225
2153 4 356831773
6625 5 2203939789
2262 4 313168444
2622 4 939880362
2641 5 686167746
1661 4 550699970
4466 4 1925341078
6611 4 2054781273
5165 6 2508285707
1356 4 2313127681
6625 5 2251736823
2631 4 625358401
1535 6 2353740078
6541 5 2358335990
5265 4 2168620370
2156 5 404675580
2141 4 351456718
3626 4 2335296482
4465 5 1889443713
1652 4 955601013
2521 4 105006962
3411 4 2428594317
6665 5 1955595424
4123 4 890510567
6334 5 2073715318
5463 4 1930285383
5436 4 1902612696
5351 5 2308312021
5233 5 2234633505
5224 4 593606068
6332 5 2260062321
3313 5 2197018655
5141 4 2297323891
4361 5 2296939341
4221 4 97843722
4516 4 2419605103
4642 5 2470933063
5365 5 2060633607
2322 4 966360050
4532 4 2300434879
5246 4 2069686324
2166 5 403613807
6412 5 310933964
3243 4 2136286479
3145 4 2128297820
3341 4 2214166562
3321 4 297278123
6546 5 2057484382
6154 5 2266307774
6446 4 1941576408
4635 4 1830903399
5643 4 1861237223
3263 5 2457984916
6135 4 2217152800
6631 6 2370623448
4221 4 98082397
4615 5 2176163518
5256 5 2468612952
6446 4 2010942134
1533 5 2275368954
2444 5 2290410609
6664 5 1910824367
6151 4 2445293383
6364 5 2077638288
6326 5 2298301836
1543 4 2100617099
1332 4 964335059
2233 5 2367026257
5623 6 2412344216
4636 5 2013157503
3536 4 1962202326
6522 5 962798137
5324 4 2249201342
1551 4 551307753
4122 4 181475741
3225 4 608789194
3414 6 2479930255
6632 5 2306476037
4632 4 2283073610
2555 5 2228207376
6662 4 2178865366
4622 5 959189554
6314 5 2310948050
3466 5 2091363102
6536 5 2006703947
3543 3 1815271189
4413 5 2456393590
1514 5 600921799
1122 1 14613
1456 5 2275310861
1521 4 161080154
1445 5 2330842355
3561 5 2428033490
3516 4 2423679772
2354 3 2026118816
4544 4 2048387453
5142 5 1018866250
3314 3 2269840575
5613 5 2450637680
3164 5 2098186936
3314 3 2260703272
2422 5 966969396
6666 3 1793696769
4335 5 1882635599
4513 5 2246718049
2325 4 593343548
6236 5 2441357664
6433 5 1989105501
6444 4 1934944630
5316 5 2327302760
3663 4 2037469714
3365 5 1910047124
2544 5 2135754221
1525 4 969017859
6433 5 2014176781
1133 4 956127477
5131 4 2221478267
2636 6 2378659707
2321 3 80694381
6325 5 2294789772
5413 5 2244041785
3134 3 2056929373
3555 4 2039300400
2122 3 156366630
4426 5 2417958337
2162 5 184907400
6452 5 2440490945
5255 4 2164370158
4351 4 2250841516
2234 4 2169631912
3212 3 88269342
1652 4 959340997
4435 4 1899673756
6214 5 706379208
1333 4 2120751532
2113 3 340359911
4521 3 265197287
2415 4 664990771
4355 5 1893798434
1321 3 138139045
5525 4 2165823645
4461 4 2270564792
6242 4 306367692
1262 4 161632219
6551 5 2338788441
5523 6 2392680509
6343 5 2051537925
5234 4 2047846658
6526 4 2188704436
6521 4 276644283
2653 5 2195708538
6224 5 613062086
3152 5 1035897356
1436 5 2132447487
3226 4 621152168
3415 4 2122109199
2166 5 400862615
4164 5 2247704423
2214 5 712626769
4214 4 696685320
4161 5 2384289199
5641 5 2361397817
2255 4 2187479425
6163 6 2315884552
6334 5 2062122608
5263 4 2200876036
2144 5 387323494
1131 4 943185048
5163 5 2308399898
5233 5 2234642585
2521 4 104495541
2223 4 612329898
6343 5 2069315352
5553 4 1982352255
2365 4 2101529164
3426 4 2267363657
5664 4 1968272290
6621 4 274740876
5556 4 1881891919
3653 5 1956486585
6433 5 2002527922
6451 4 2419944349
3453 3 1798787406
1321 3 137325046
2244 5 2224718672
5215 5 724691612
4165 5 2345553302
2661 5 685859475
2234 4 2220093755
1232 3 138579503
4143 4 2142925234
4321 3 244037070
2514 4 688046703
6326 5 2288999578
5212 3 88712996
5263 4 2207308393
4646 3 1916629238
5143 4 2124701415
5532 5 2288497917
3355 4 1899851525
6241 5 694059810
1665 6 2316971607
2614 5 712412060
5622 4 955492671
1225 3 88017273
3334 4 1860071409
5431 5 2236643382
2452 3 304648310
6431 5 2458202843
4254 4 2223081375
2162 5 185099511
6331 4 2176802398
5525 4 2173524607
3214 4 604321759
1413 3 519731532
2353 4 2140825522
5652 5 2202575186
3253 4 2287730947
3421 3 312006619
6154 5 2303153008
4156 5 2363583081
2442 4 322761882
2641 5 682820086
1261 4 96890895
1315 4 571963244
6514 4 2421325463
6266 5 2288088329
6661 4 2050574633
1266 4 336557744
2116 6 420238975
1121 4 209860491
4144 4 2219362579
4164 5 2255429257
2561 5 679454762
5254 5 2250181757
4554 5 1982636838
1534 4 2141031569
4342 5 2310149613
5113 5 2320004004
1226 4 98627203
1622 5 225957369
1362 5 973221977
3461 4 2443477098
2513 4 633374928
2652 4 313409664
1311 5 607754275
1413 3 519751192
3253 4 2213356530
3324 3 2055930233
6545 4 2013879805
3562 5 2395633494
3431 5 2451439070
2534 4 2050778897
2115 4 396671980
3325 4 2266248318
4145 5 2341809689
4525 4 2419922802
4141 5 2397591200
3124 3 869656049
4621 4 276398645
5333 5 2078831982
2134 3 304285212
4556 5 1987025745
6611 4 2065805244
4226 4 609951054
2615 4 696835927
6336 4 1947441745
1433 4 2126154038
1554 5 2271865810
1154 4 895371109
5314 5 2181946206
6445 5 2054003856
3466 5 2077789199
6365 4 2052322650
4564 4 1961807145
2462 5 335052370
2161 5 402950578
4246 4 2163240314
6262 4 302972882
6135 4 2215383282
2615 4 694991338
6265 5 2195881442
2555 5 2222233767
4611 4 2279063482
1344 5 2137911967
4455 4 1865067917
5665 4 1948990457
4422 4 942302497
4654 5 1982585747
3645 6 1936803379
6465 6 1901122027
6445 5 2083380008
3541 4 2051729225
1411 4 569959358
1422 4 210012466
3165 5 2317162163
4515 4 2193715458
4144 4 2213626118
2126 4 104980020
3553 5 1980349268
3346 4 1878644499
3631 5 2349782783
5545 6 2108765654
1234 2 296056603
1355 4 2249096152
1613 4 535899333
5533 4 1978571078
2135 4 367887998
5565 4 1956540706
4314 4 2293312370
2433 5 2230215872
3463 4 1951021720
1546 5 2300292126
5163 5 2318381429
6141 6 2390861285
6555 5 1968804270
6242 4 306206661
1456 5 2276222596
5342 4 2275873058
5365 5 2093705769
5452 5 2446359639
1543 4 2178488025
6222 4 934079809
6456 4 2040386824
3563 4 1951658747
1153 4 943827374
6252 4 301846117
5455 5 1894297643
2151 5 401653657
3644 5 2072935195
5633 4 1977756110
6246 5 2197226954
4661 4 2282675977
6254 5 2225844369
1314 2 511420939
1262 4 162301232
1116 5 982767219
5263 4 2218068826
6522 5 959176646
1642 5 1014841113
1152 4 194923455
5552 5 2219961272
5214 4 687384244
5331 5 2319124969
6365 4 2041064942
2412 3 80918765
2325 4 591301648
4513 5 2235202436
3461 4 2423572760
6534 4 1900399273
1345 3 2110791729
1632 4 994801585
2233 5 2356392500
1546 5 2297087507
5352 5 2289183824
5662 4 2170541148
1562 4 958054144
1244 4 358398810
1413 3 519844584
5463 4 1918342126
1333 4 2132788212
4315 4 2088629933
1451 3 559705503
5465 5 1890017585
5244 3 2109208219
4322 5 1020484193
6154 5 2315445465
3232 3 269795308
1465 4 2295508925
5425 5 2431308588
3534 4 1836378761
4536 3 1904607455
3256 3 2207659848
5243 3 2105906835
6451 4 2492145696
2252 4 314523044
4424 4 2264570110
6226 5 608440942
5624 5 2301653303
1432 5 967718561
6156 6 2464663208
3222 4 937767511
3162 4 1005725844
2255 4 2208998337
5214 4 688449762
6523 6 2392167621
2243 4 2099354239
2163 5 367847161
4416 3 2264352638
5343 4 1874663807
4315 4 2105382618
5535 4 1842986230
4544 4 2065833269
1323 4 965438108
6445 5 2058071499
1421 4 161432093
4361 5 2374168341
2533 5 2210007647
2353 4 2169230998
5414 5 2531530168
5433 4 1983185463
5162 4 969384587
1335 4 2143092459
2354 3 2035261702
4243 4 2125126440
5333 5 2076117086
1265 4 341715776
4653 4 1924341857
4635 4 1833410669
6265 5 2196445144
6614 4 2302812509
5323 5 2305574658
5463 4 1908370439
3523 5 2385837996
2343 4 2103279447
4241 5 687980870
6255 5 2166234606
3334 4 1859437612
6231 4 623623197
5225 4 593745738
6454 4 1974626739
6211 4 704153640
5621 4 275565056
4122 4 180675087
6554 5 1971129096
4626 4 2399462487
6121 4 963247418
6114 5 2247852968
3114 4 2094565775
1225 3 88209486
3264 4 2220874812
4641 4 2193444721
4315 4 2103455718
5655 4 1939511150
2135 4 366524623
5416 4 2433824645
1612 4 161370225
6164 6 2290197043
6314 5 2302432443
1635 5 2263575215
6254 5 2232209529
2544 5 2087024361
6555 5 1965607211
4326 4 2267529380
1511 4 572576756
5156 5 2445584823
2253 5 2208996533
6122 4 180794253
6536 5 2063755325
2223 4 612804835
6644 4 1937674061
5414 5 2522607091
1425 4 997617921
4222 4 940438793
2562 4 314092353
4531 5 2236526944
5312 4 276813840
5265 4 2161262620
1452 4 998337063
6133 5 2250820136
3546 4 1852856040
4121 4 1009499901
4316 6 2401025196
3143 4 2135550519
1114 3 874403650
2234 4 2241842664
4324 4 2301715126
6261 4 662582939
2526 4 591077566
4161 5 2486883549
4153 4 2163668360
3555 4 2038143541
4343 4 2028233438
4225 4 614730671
2635 5 2114869075
6236 5 2463826406
1245 3 327175488
4254 4 2231180850
6243 4 2132448440
1313 5 602813328
4415 5 2182633223
4414 5 2326096170
5265 4 2185598486
3616 4 2293787224
6323 5 2284221985
1143 3 867877466
1611 4 567927214
3425 4 2276133290
4446 4 2010234905
4126 5 1019469964
5462 6 2470005713
2346 4 2196493716
5441 5 2373180488
5451 5 2459967466
6243 4 2146633460
1222 4 175872166
3216 5 717273644
2564 5 2192270874
2363 4 2184080994
1122 1 16297
2135 4 369231653
2133 5 388804025
4455 4 1881533812
4344 5 2043244396
4334 4 2074663784
4652 6 2506947985
2361 5 687977450
1436 5 2139546592
2241 4 677443827
4312 3 245795179
4344 5 2072154346
4452 4 2393773322
2251 4 668291286
2311 5 715214600
4654 5 1997983994
2412 3 80472983
4252 4 309500769
1123 3 165502840
5143 4 2146748396
5155 5 2437407008
4664 5 1901852087
6443 4 1865807191
5254 5 2240605712
3142 3 899324343
6626 4 2173722248
4166 5 2380428979
3166 5 2302838655
4146 5 2397678658
6213 4 633175879
2363 4 2196073068
4261 4 685045654
2511 5 718170035
4323 4 2102882789
1546 5 2305084454
4156 5 2330812502
6235 5 2145046153
2643 4 2115110575
2326 5 617272833
6112 4 896115078
5135 5 2251202090
2253 5 2276558993
5332 4 2342502155
1435 4 2143015008
6121 4 959345233
3332 4 2235563442
2352 4 310877729
4146 5 2435190748
4654 5 1983885410
3145 4 2153166036
2663 6 2380674635
4232 3 269730866
3326 5 2300296289
2412 3 80982995
1466 4 2293876884
4416 3 2257687552
6353 5 2132651470
5354 5 2046973984
3245 3 2073443621
6142 5 1025896220
6163 6 2319053015
1535 6 2276984794
1515 4 571769027
6111 5 2428773181
3464 5 2089219282
4631 5 2432292490
6151 4 2431801852
5631 5 2459519070
5462 6 2464754335
5466 4 1956863937
1541 4 571093938
3111 5 2314105236
5424 5 2302735871
6436 5 2005262925
2122 3 156864770
3513 4 2435597548
1545 5 2299284476
6561 6 2356088073
2616 5 712232291
1336 5 2146268947
2322 4 973729199
4553 4 1914706776
4542 4 2390624549
5664 4 1948053994
2266 4 2180989696
6364 5 2057925162
2551 4 665235547
2445 5 2128530832
4334 4 2054396745
1325 4 957677744
2653 5 2205168681
4255 4 2135297616
4232 3 270802898
5321 4 277224425
5361 5 2310762247
6466 5 1903707607
5253 5 2223935014
4122 4 180983818
6134 4 2082290808
2353 4 2067154406
3313 5 2253863832
5423 4 2282291306
1443 4 2154548489
5313 5 2306199102
2153 4 360415868
4261 4 682237646
6244 5 2172613440
3351 4 2307184759
2514 4 691591380
2553 6 2220793428
1252 4 161577883
6252 4 300878582
3362 4 2266902733
5165 6 2449289487
6534 4 1899732288
5662 4 2168186339
4636 5 2001956928
4644 5 1951672988
6613 5 2302372755
5551 4 2268480071
3364 5 1872930813
6362 5 2282023571
6646 5 1961527915
4262 4 304077032
3113 5 2305024730
2312 3 81185594
5354 5 1968403034
4144 4 2207736096
3241 4 612846382
3543 3 1780130038
6115 5 2424307421
2126 4 104534608
4256 5 2224846648
5365 5 2052974370
4126 5 1020130324
6133 5 2233740814
4255 4 2132994155
6444 4 1935096357
5234 4 2049772370
5261 4 673251405
4112 3 867817827
1444 5 2259923043
2323 4 595696596
3436 4 1952176117
1214 3 80583933
4441 4 2171321293
5622 4 949556476
4611 4 2297072528
1343 3 2052326929
4644 5 1958359120
2244 5 2232028967
2142 4 168979507
2332 3 269913830
1421 4 161944600
5536 5 2013092876
6453 5 1936980573
4325 4 2266641301
1221 2 14986253
4343 4 2026074347
4226 4 602613930
2323 4 594946568
5246 4 2059117591
3252 3 276085149
2222 4 930463265
3223 5 627933667
2351 3 655623630
6565 5 1978297366
5121 4 957246156
6361 5 2186106660
6213 4 623983000
4353 4 1962347877
2222 4 931219249
6234 5 2229913476
2613 4 623438442
4236 4 2211503556
1333 4 2123001761
1233 4 359844866
5351 5 2306210544
1553 4 2168935825
6235 5 2147304230
1331 4 566277978
3456 3 2000756742
6454 4 1967201653
3536 4 1957647900
5534 4 1910074650
5614 5 2436549974
5436 4 1908879419
4356 4 1959616835
3331 4 2175809199
3412 2 234413772
1633 5 2268537844
2163 5 367333542
1622 5 225976474
2651 5 676239988
1626 5 973016000
3261 4 664592308
4136 5 2109769740
3635 5 1867787102
1113 4 898573512
2261 4 667073056
1211 4 111352071
5423 4 2270177359
6262 4 298697432
2355 5 2122172274
2355 5 2114117628
5365 5 2062178356
1532 4 1002016056
5424 5 2374108156
1535 6 2284611896
3352 3 2316321789
5243 3 2021697318
5125 4 948313069
5111 5 2441681493
2463 4 2170679024
2622 4 941658418
1164 4 896788994
6233 5 2431941176
6242 4 307714245
1544 5 2256654394
5641 5 2352185975
2235 4 2104608181
4322 5 1017242745
6331 4 2176902424
1653 4 2106210289
4133 4 2091227920
4351 4 2185887935
4461 4 2276486526
2513 4 629956182
6245 4 2046698359
3231 4 608583328
1415 4 560718573
4424 4 2253115276
3146 5 2138315942
3322 5 963963715
3312 4 295400770
2163 5 366932070
5342 4 2252340780
2115 4 392271679
2525 4 590142236
2545 6 2135050594
6356 5 2069755628
3166 5 2302250388
2345 2 2014447845
6264 5 2442032982
3513 4 2443553537
1566 4 2270897776
2465 4 2098040195
5413 5 2232438016
5235 5 2149950595
5436 4 1910966543
3651 4 2499834126
5613 5 2462711254
1521 4 206376398
4136 5 2127740780
6242 4 304609837
2134 3 304166017
4515 4 2191580751
1564 3 2219443737
2545 6 2145776470
4255 4 2127568752
6216 5 709994427
5226 4 592811841
3452 4 2277700585
6141 6 2405518376
1343 3 2052108205
2113 3 345456328
5342 4 2281617852
4436 3 1962697626
2242 4 320517845
1121 4 209505894
6321 4 276714469
5143 4 2203912626
4666 5 1978159777
4525 4 2451499910
4141 5 2383316350
1162 5 205680760
5224 4 592021379
3646 6 2070408655
6446 4 1932450107
3451 5 2244173712
2426 4 605523971
6526 4 2170448128
1316 6 617638774
2153 4 359946987
1665 6 2312175486
5611 5 2308988303
6166 5 2412464153
4253 3 2038033411
3464 5 2070018131
1223 3 81248202
4642 5 2435615882
1455 4 2272771611
3542 4 2273738051
3663 4 2037108433
1415 4 561424424
3645 6 1919713049
5551 4 2261429283
2422 5 960395775
2634 4 2174199360
2423 3 534348986
4462 5 2427311750
1622 5 226669947
5652 5 2191390554
2344 5 2106849929
1315 4 567101659
4451 4 2414367975
6554 5 1973300541
4413 5 2428635973
2356 4 2067619790
3431 5 2435325978
2226 4 597210340
3531 5 2470761761
5644 5 2069758351
2152 4 174849128
5325 4 2273004142
2435 3 2043192489
5513 5 2452063633
2352 4 306215995
6214 5 704427001
6461 5 2282656195
2135 4 362665193
1651 4 555866781
2425 4 601448686
4526 4 2404626683
2464 5 2308042953
3622 5 959312301
3655 4 2025519336
2144 5 387799967
6421 5 305651274
4146 5 2378987760
6464 4 1891661867
2456 5 2189030957
4641 4 2176364478
4431 5 2467887826
2662 4 312762482
4431 5 2470185330
2351 3 658710305
2412 3 80696677
6642 4 2386341338
1656 5 2274839280
5455 5 1896735596
3653 5 1964638148
2145 4 358589434
1412 4 163096287
5331 5 2322193661
4336 4 2057115522
6215 4 713044001
2365 4 2095798512
6564 5 2005410737
5156 5 2442167890
4544 4 2044834698
5255 4 2182028245
1456 5 2274863897
4142 5 1028030838
6111 5 2411563824
